Input hamiltonian
hamiltonian=hubbard_k_like                                                                  
Input ndim, E_T, tau
ndim, E_T, tau=    9-20.000000 0.020000
Input fraction_positive, off_diag_mag, psiG_noise
fraction_positive, off_diag_mag,psiG_noise= 1.000000 0.500000 0.200000
psiG_correct_sign
psiG_correct_sign= F
Input irand_seed
irand_seed=1425565376542456

Data set    1

H=
   0.0000  -4.0000  -4.0000  -4.0000  -4.0000  -4.0000  -4.0000  -4.0000  -4.0000
  -4.0000   1.0000  -4.0000  -4.0000  -4.0000  -4.0000  -4.0000  -4.0000  -4.0000
  -4.0000  -4.0000   4.0000  -4.0000  -4.0000  -4.0000  -4.0000  -4.0000  -4.0000
  -4.0000  -4.0000  -4.0000   9.0000  -4.0000  -4.0000  -4.0000  -4.0000  -4.0000
  -4.0000  -4.0000  -4.0000  -4.0000  16.0000  -4.0000  -4.0000  -4.0000  -4.0000
  -4.0000  -4.0000  -4.0000  -4.0000  -4.0000  25.0000  -4.0000  -4.0000  -4.0000
  -4.0000  -4.0000  -4.0000  -4.0000  -4.0000  -4.0000  36.0000  -4.0000  -4.0000
  -4.0000  -4.0000  -4.0000  -4.0000  -4.0000  -4.0000  -4.0000  49.0000  -4.0000
  -4.0000  -4.0000  -4.0000  -4.0000  -4.0000  -4.0000  -4.0000  -4.0000  64.0000

eigenval_p,eigenval_h=  1.000000-18.024086
psi for P    =   0.5003   0.4785   0.4234   0.3551   0.2898   0.2343   0.1899   0.1551   0.1281

eigenvalues of P= -0.679113 -0.376595 -0.116509  0.101975  0.278699  0.413019  0.503878  0.550311  1.000000
eigenvalues of H= 65.931554 50.805649 37.801383 26.877149 18.040975 11.324989  6.782035  4.460352-18.024086
tau, tau_max= 0.020000 0.011911
