Input hamiltonian
hamiltonian=hubbard_k_like                                                                  
Input ndim, E_T, tau
ndim, E_T, tau=    9-20.000000 0.020000
Input fraction_positive, off_diag_mag, psiG_noise
fraction_positive, off_diag_mag,psiG_noise= 0.500000 0.500000 0.200000
psiG_correct_sign
psiG_correct_sign= F
Input irand_seed
irand_seed=1425565376542456

Data set    1

H=
   0.0000   4.0000   4.0000  -4.0000   4.0000   4.0000  -4.0000  -4.0000  -4.0000
   4.0000   1.0000   4.0000   4.0000  -4.0000   4.0000   4.0000  -4.0000  -4.0000
   4.0000   4.0000   4.0000   4.0000  -4.0000  -4.0000  -4.0000  -4.0000   4.0000
  -4.0000   4.0000   4.0000   9.0000  -4.0000  -4.0000   4.0000   4.0000  -4.0000
   4.0000  -4.0000  -4.0000  -4.0000  16.0000  -4.0000   4.0000  -4.0000  -4.0000
   4.0000   4.0000  -4.0000  -4.0000  -4.0000  25.0000  -4.0000  -4.0000  -4.0000
  -4.0000   4.0000  -4.0000   4.0000   4.0000  -4.0000  36.0000  -4.0000  -4.0000
  -4.0000  -4.0000  -4.0000   4.0000  -4.0000  -4.0000  -4.0000  49.0000  -4.0000
  -4.0000  -4.0000   4.0000  -4.0000  -4.0000  -4.0000  -4.0000  -4.0000  64.0000

eigenval_p,eigenval_h=  1.000000 -7.552193
psi for P    =   0.7433  -0.4610  -0.2951   0.2940  -0.2259  -0.0535   0.0725  -0.0338   0.0353

eigenvalues of P= -0.487466 -0.191524  0.063494  0.353079  0.424198  0.701065  0.768176  0.929583  1.000000
eigenvalues of H= 66.821098 52.024010 39.273129 24.793838 21.237931  7.394561  4.038985 -4.031360 -7.552193
tau, tau_max= 0.020000 0.013446
