Calculate fraction of energy missing in VMC that is recovered by FN-PMC and 1 minus the overlap of Psi_FN*Psi_G with Psi_0*Psi_G
--------------------------------------------------------------------------------------------------------------------------
                                                                                   1 -      1 -      1 -                  
 E_G        E_FN1     E_FN3     E_FN4     E_0       rec_FN1   rec_FN3   rec_FN4   ovlp_FN1 ovlp_FN3 ovlp_FN4 sign_cond_num
--------------------------------------------------------------------------------------------------------------------------
 -7.552193 -7.552193 -7.552193 -7.552193 -7.552193     0.488     0.488     0.824   3.0E-10  3.0E-10  1.3E-09  0.004
-10.207062-10.207063-10.207063-10.207063-10.207063     0.768     0.768     1.137   8.2E-11  8.2E-11  7.5E-10  0.005
 -5.956657 -5.956657 -5.956657 -5.956657 -5.956657     0.482     0.482     0.340   2.5E-10  2.5E-10  1.0E-09  0.003
 -8.700097 -8.700097 -8.700097 -8.700097 -8.700097     0.492     0.491    -1.122   9.3E-10  9.3E-10  1.4E-09  0.003
 -8.386653 -8.386653 -8.386653 -8.386653 -8.386653     0.854     0.853    -0.112   4.0E-10  4.0E-10  4.5E-10  0.022
-10.337375-10.337375-10.337375-10.337375-10.337375     0.747     0.747     1.118   1.6E-10  1.6E-10  5.7E-10  0.023
 -9.784292 -9.784293 -9.784293 -9.784292 -9.784293     0.341     0.341    -1.003   8.0E-11  8.0E-11  4.5E-10  0.052
 -8.478499 -8.478499 -8.478499 -8.478499 -8.478499     0.611     0.610     0.961   2.6E-10  2.6E-10  4.1E-10  0.013
 -8.757365 -8.757366 -8.757366 -8.757365 -8.757366     0.566     0.566    -0.310   1.3E-10  1.3E-10  6.5E-10  0.004
 -8.583572 -8.583572 -8.583572 -8.583572 -8.583572     0.718     0.717     1.579   8.0E-11  8.0E-11  5.4E-10  0.024
