Calculate fraction of energy missing in VMC that is recovered by FN-PMC and 1 minus the overlap of Psi_FN*Psi_G with Psi_0*Psi_G
--------------------------------------------------------------------------------------------------------------------------
                                                                                   1 -      1 -      1 -                  
 E_G        E_FN1     E_FN3     E_FN4     E_0       rec_FN1   rec_FN3   rec_FN4   ovlp_FN1 ovlp_FN3 ovlp_FN4 sign_cond_num
--------------------------------------------------------------------------------------------------------------------------
 -6.465064 -6.978660 -6.978470 -6.978845 -7.552193     0.472     0.472     0.473   2.2E-03  2.2E-03  2.2E-03  0.003
 -9.545227 -9.988883 -9.988392 -9.989633-10.207063     0.670     0.670     0.671   3.1E-04  3.1E-04  3.1E-04  0.004
 -5.112711 -5.624387 -5.624169 -5.624311 -5.956657     0.606     0.606     0.606   1.3E-03  1.3E-03  1.3E-03  0.003
 -7.927544 -8.422803 -8.422509 -8.422595 -8.700097     0.641     0.641     0.641   2.8E-03  2.8E-03  2.8E-03  0.001
 -7.416516 -8.294434 -8.293976 -8.294218 -8.386653     0.905     0.904     0.905   1.5E-03  1.5E-03  1.5E-03  0.018
 -9.030276 -9.762140 -9.760421 -9.762941-10.337375     0.560     0.559     0.561   7.1E-04  7.1E-04  7.1E-04  0.042
 -8.993256 -9.456737 -9.456526 -9.456702 -9.784293     0.586     0.586     0.586   3.7E-04  3.7E-04  3.7E-04  0.020
 -7.778409 -8.114408 -8.114245 -8.114208 -8.478499     0.480     0.480     0.480   9.3E-04  9.3E-04  9.3E-04  0.008
 -8.266916 -8.573149 -8.572990 -8.573122 -8.757366     0.624     0.624     0.624   6.0E-04  6.0E-04  6.0E-04  0.002
 -8.104569 -8.437691 -8.437461 -8.437905 -8.583572     0.695     0.695     0.696   5.7E-04  5.7E-04  5.7E-04  0.015
