psiG_noise, 1-overlap_FN1 ipsig grad_FN_exact(1)  grad_FU(1)  grad_FN_approx(1) grad_VMC(1) grad_VMC_in_DMC(1) grad_FN_exact(iparm)  grad_FU(iparm)  grad_FN_approx(iparm) grad_VMC(iparm) grad_VMC_in_DMC(iparm) grad_FN_exact(iparm+1)  grad_FU(iparm+1)  grad_FN_approx(iparm+1) grad_vmc(iparm+1) grad_vmc_in_dmc(iparm+1)    
  0.0100    3.90E-05   1       -0.000080       -0.000927       -0.000082       -0.000861       -0.000856        0.000004       -0.000504       -0.000540       -0.002448       -0.002567       -0.002900       -0.000650       -0.003405       -0.068419       -0.075977
  0.0100    2.39E-05   2       -0.000063       -0.000584       -0.000064       -0.000158       -0.000157       -0.000083       -0.000407       -0.000429       -0.001971       -0.002046       -0.002327       -0.001037       -0.002650       -0.053842       -0.058416
  0.0100    1.29E-05   3       -0.000046       -0.000329       -0.000047        0.000259        0.000258       -0.000126       -0.000307       -0.000319       -0.001486       -0.001527       -0.001754       -0.001103       -0.001935       -0.039723       -0.042159
  0.0100    5.52E-06   4       -0.000030       -0.000151       -0.000030        0.000411        0.000410       -0.000125       -0.000206       -0.000211       -0.000995       -0.001013       -0.001176       -0.000917       -0.001256       -0.026051       -0.027077
  0.0100    1.33E-06   5       -0.000015       -0.000044       -0.000015        0.000318        0.000318       -0.000083       -0.000103       -0.000104       -0.000499       -0.000503       -0.000592       -0.000534       -0.000612       -0.012813       -0.013057
  0.0100    0.00E+00   6       -0.000000       -0.000000       -0.000000       -0.000000       -0.000000       -0.000000       -0.000000       -0.000000       -0.000000       -0.000000        0.000000        0.000000        0.000000       -0.000000       -0.000000
  0.0100    1.23E-06   7        0.000014       -0.000013        0.000014       -0.000526       -0.000527        0.000123        0.000103        0.000102        0.000501        0.000497        0.000602        0.000649        0.000582        0.012402        0.012181
  0.0100    4.75E-06   8        0.000028       -0.000078        0.000028       -0.001242       -0.001246        0.000286        0.000207        0.000203        0.001002        0.000986        0.001216        0.001384        0.001137        0.024403        0.023564
  0.0100    1.03E-05   9        0.000041       -0.000191        0.000041       -0.002134       -0.002144        0.000486        0.000309        0.000301        0.001502        0.001467        0.001842        0.002182        0.001665        0.036016        0.034216
  0.0100    1.77E-05  10        0.000054       -0.000346        0.000053       -0.003186       -0.003206        0.000723        0.000411        0.000397        0.002001        0.001940        0.002482        0.003022        0.002169        0.047253        0.044199
  0.0100    2.68E-05  11        0.000066       -0.000541        0.000065       -0.004385       -0.004421        0.000997        0.000511        0.000490        0.002497        0.002405        0.003136        0.003891        0.002650        0.058125        0.053567
