psiG_noise, 1-overlap_FN1 ipsig grad_FN_exact(1)  grad_FU(1)  grad_FN_approx(1) grad_VMC(1) grad_VMC_in_DMC(1) grad_FN_exact(iparm)  grad_FU(iparm)  grad_FN_approx(iparm) grad_VMC(iparm) grad_VMC_in_DMC(iparm) grad_FN_exact(iparm+1)  grad_FU(iparm+1)  grad_FN_approx(iparm+1) grad_vmc(iparm+1) grad_vmc_in_dmc(iparm+1)    
  0.0100    3.40E-05   1       -0.000305       -0.001114       -0.000324        0.000759        0.000754        0.000013       -0.000566       -0.000610       -0.002885       -0.003070       -0.002750       -0.000632       -0.003308       -0.070160       -0.077927
  0.0100    2.29E-05   2       -0.000282       -0.000778       -0.000299        0.001442        0.001434       -0.000091       -0.000472       -0.000500       -0.002412       -0.002540       -0.002188       -0.001011       -0.002554       -0.055562       -0.060301
  0.0100    1.56E-05   3       -0.000261       -0.000529       -0.000275        0.001839        0.001831       -0.000151       -0.000375       -0.000392       -0.001932       -0.002013       -0.001625       -0.001070       -0.001841       -0.041421       -0.043982
  0.0100    1.17E-05   4       -0.000240       -0.000358       -0.000253        0.001971        0.001964       -0.000168       -0.000276       -0.000285       -0.001444       -0.001490       -0.001059       -0.000877       -0.001164       -0.027728       -0.028841
  0.0100    1.08E-05   5       -0.000220       -0.000257       -0.000231        0.001858        0.001855       -0.000143       -0.000176       -0.000180       -0.000952       -0.000973       -0.000488       -0.000489       -0.000522       -0.014470       -0.014766
  0.0100    1.26E-05   6       -0.000201       -0.000218       -0.000210        0.001521        0.001520       -0.000076       -0.000075       -0.000077       -0.000456       -0.000462        0.000091        0.000050        0.000088       -0.001637       -0.001656
  0.0100    1.68E-05   7       -0.000183       -0.000237       -0.000190        0.000976        0.000977        0.000030        0.000026        0.000025        0.000042        0.000042        0.000680        0.000704        0.000668        0.010784        0.010575
  0.0100    2.31E-05   8       -0.000165       -0.000308       -0.000171        0.000241        0.000242        0.000176        0.000127        0.000123        0.000541        0.000539        0.001279        0.001444        0.001220        0.022805        0.022005
  0.0100    3.13E-05   9       -0.000148       -0.000425       -0.000153       -0.000669       -0.000672        0.000359        0.000228        0.000220        0.001039        0.001028        0.001891        0.002246        0.001746        0.034437        0.032702
  0.0100    4.12E-05  10       -0.000131       -0.000586       -0.000135       -0.001739       -0.001749        0.000580        0.000328        0.000315        0.001536        0.001508        0.002516        0.003091        0.002247        0.045693        0.042728
  0.0100    5.26E-05  11       -0.000115       -0.000786       -0.000118       -0.002955       -0.002978        0.000837        0.000427        0.000407        0.002030        0.001980        0.003155        0.003963        0.002725        0.056583        0.052137
