psiG_noise, 1-overlap_FN1 ipsig h_fd(1,1) h_approx(1,1) h_VMC(1,1) h_VMC_in_DMC(1,1) h_fd(iparm,iparm)  h_approx(iparm,iparm)  h_VMC(iparm,iparm) h_VMC_in_DMC(iparm,iparm) h_fd(iparm,iparm+1)  h_approx(iparm,iparm+1)  h_vmc(iparm,iparm+1) h_vmc_in_dmc(iparm,iparm+1)    
  0.0100    3.40E-05   1        0.002803       -0.005942        0.301075        0.299138       -0.000627        0.003807        0.009540        0.010164        0.009560       -0.003336        0.058345        0.063148
  0.0100    2.29E-05   2        0.002727       -0.003172        0.299925        0.298302        0.001538        0.004214        0.010608        0.011177        0.009845        0.000793        0.061195        0.065150
  0.0100    1.56E-05   3        0.002658       -0.001418        0.299486        0.298195        0.003303        0.004602        0.011675        0.012172        0.010102        0.003837        0.063873        0.066998
  0.0100    1.17E-05   4        0.002602       -0.000428        0.299696        0.298761        0.004644        0.004976        0.012737        0.013147        0.010326        0.006136        0.066385        0.068703
  0.0100    1.08E-05   5        0.002532       -0.000009        0.300500        0.299946        0.005567        0.005339        0.013792        0.014102        0.010530        0.007949        0.068739        0.070276
  0.0100    1.26E-05   6        0.002475       -0.000014        0.301847        0.301703        0.006057        0.005693        0.014837        0.015036        0.010705        0.009466        0.070941        0.071727
  0.0100    1.68E-05   7        0.002418       -0.000333        0.303687        0.303987        0.006142        0.006040        0.015871        0.015949        0.010869        0.010832        0.072997        0.073066
  0.0100    2.31E-05   8        0.002384       -0.000883        0.305976        0.306756        0.005820        0.006382        0.016893        0.016839        0.011007        0.012149        0.074915        0.074301
  0.0100    3.13E-05   9        0.002332       -0.001605        0.308670        0.309972        0.005007        0.006721        0.017901        0.017708        0.011127        0.013493        0.076701        0.075439
  0.0100    4.12E-05  10        0.002274       -0.002453        0.311731        0.313601        0.003801        0.007058        0.018893        0.018554        0.011237        0.014913        0.078360        0.076488
  0.0100    5.26E-05  11        0.002208       -0.003399        0.315122        0.317608        0.002157        0.007392        0.019869        0.019378        0.011334        0.016442        0.079900        0.077454
