psiG_noise, 1-overlap_FN1 ipsig h_fd(1,1) h_approx(1,1) h_VMC(1,1) h_VMC_in_DMC(1,1) h_fd(iparm,iparm)  h_approx(iparm,iparm)  h_VMC(iparm,iparm) h_VMC_in_DMC(iparm,iparm) h_fd(iparm,iparm+1)  h_approx(iparm,iparm+1)  h_vmc(iparm,iparm+1) h_vmc_in_dmc(iparm,iparm+1)    
  0.0100    3.90E-05   1        0.002209       -0.003121        0.307116        0.305249        0.000197        0.004170        0.009952        0.010445        0.009353       -0.001350        0.059547        0.063627
  0.0100    2.39E-05   2        0.002152       -0.000720        0.305881        0.304339        0.002137        0.004561        0.011024        0.011445        0.009652        0.002433        0.062365        0.065577
  0.0100    1.29E-05   3        0.002099        0.000775        0.305356        0.304161        0.003731        0.004937        0.012093        0.012429        0.009917        0.005237        0.065011        0.067378
  0.0100    5.52E-06   4        0.002049        0.001604        0.305484        0.304659        0.004911        0.005301        0.013157        0.013393        0.010145        0.007375        0.067493        0.069040
  0.0100    1.33E-06   5        0.001998        0.001950        0.306207        0.305779        0.005664        0.005656        0.014214        0.014337        0.010359        0.009085        0.069818        0.070575
  0.0100    0.00E+00   6        0.001952        0.001950        0.307474        0.307474        0.006015        0.006004        0.015261        0.015261        0.010541        0.010545        0.071991        0.071991
  0.0100    1.23E-06   7        0.001909        0.001707        0.309236        0.309698        0.005947        0.006347        0.016297        0.016164        0.010710        0.011885        0.074019        0.073297
  0.0100    4.75E-06   8        0.001869        0.001297        0.311447        0.312410        0.005446        0.006687        0.017320        0.017045        0.010855        0.013199        0.075910        0.074502
  0.0100    1.03E-05   9        0.001832        0.000773        0.314066        0.315571        0.004531        0.007024        0.018328        0.017905        0.010985        0.014555        0.077669        0.075614
  0.0100    1.77E-05  10        0.001759        0.000174        0.317054        0.319147        0.003175        0.007359        0.019321        0.018743        0.011101        0.015997        0.079303        0.076638
  0.0100    2.68E-05  11        0.001715       -0.000476        0.320373        0.323105        0.001413        0.007692        0.020297        0.019559        0.011205        0.017553        0.080818        0.077581
