Calculate fraction of energy missing in VMC that is recovered by FN-PMC and 1 minus the overlap of Psi_FN*Psi_G with Psi_0*Psi_G
--------------------------------------------------------------------------------------------------------------------------
                                                                                   1 -      1 -      1 -                  
 E_G        E_FN1     E_FN3     E_FN4     E_0       rec_FN1   rec_FN3   rec_FN4   ovlp_FN1 ovlp_FN3 ovlp_FN4 sign_cond_num
--------------------------------------------------------------------------------------------------------------------------
 -1.101429 -1.138293 -1.135703 -1.139996 -1.153737     0.705     0.655     0.737   4.1E-05  3.3E-05  3.8E-05  0.916
 -1.254143 -1.267230 -1.264116 -1.268973 -1.275242     0.620     0.473     0.703   1.5E-04  1.7E-04  1.4E-04  0.932
 -1.059886 -1.084309 -1.082655 -1.084040 -1.090220     0.805     0.751     0.796   6.9E-05  6.9E-05  6.1E-05  0.940
 -1.248043 -1.277651 -1.273460 -1.281071 -1.288178     0.738     0.633     0.823   2.9E-05  3.3E-05  2.3E-05  0.924
 -1.143728 -1.171309 -1.168685 -1.172628 -1.176356     0.845     0.765     0.886   6.8E-05  5.7E-05  7.7E-05  0.910
 -1.224752 -1.255932 -1.249239 -1.262077 -1.272416     0.654     0.514     0.783   8.7E-05  7.5E-05  9.9E-05  0.919
 -1.250152 -1.267107 -1.265509 -1.268426 -1.284364     0.496     0.449     0.534   1.7E-04  1.7E-04  1.6E-04  0.898
 -1.060561 -1.077495 -1.077094 -1.077058 -1.085149     0.689     0.672     0.671   1.5E-05  1.4E-05  9.9E-06  0.931
 -1.128721 -1.157014 -1.155163 -1.155179 -1.162326     0.842     0.787     0.787   3.3E-04  3.1E-04  3.0E-04  0.915
 -1.157434 -1.169160 -1.168069 -1.170725 -1.174772     0.676     0.613     0.767   1.4E-04  1.5E-04  1.7E-04  0.908
