Calculate fraction of energy missing in VMC that is recovered by FN-PMC and 1 minus the overlap of Psi_FN*Psi_G with Psi_0*Psi_G
--------------------------------------------------------------------------------------------------------------------------
                                                                                   1 -      1 -      1 -                  
 E_G        E_FN1     E_FN3     E_FN4     E_0       rec_FN1   rec_FN3   rec_FN4   ovlp_FN1 ovlp_FN3 ovlp_FN4 sign_cond_num
--------------------------------------------------------------------------------------------------------------------------
 -1.101429 -1.138293 -1.138020 -1.138484 -1.153737     0.705     0.700     0.708   4.1E-05  4.0E-05  4.0E-05  0.916
 -1.254143 -1.267230 -1.266871 -1.267444 -1.275242     0.620     0.603     0.630   1.5E-04  1.6E-04  1.5E-04  0.932
 -1.059886 -1.084309 -1.084150 -1.084287 -1.090220     0.805     0.800     0.804   6.9E-05  6.9E-05  6.8E-05  0.940
 -1.248043 -1.277651 -1.277219 -1.278025 -1.288178     0.738     0.727     0.747   2.9E-05  2.9E-05  2.8E-05  0.923
 -1.143728 -1.171309 -1.171038 -1.171450 -1.176356     0.845     0.837     0.850   6.8E-05  6.7E-05  6.9E-05  0.910
 -1.224752 -1.255932 -1.255182 -1.256627 -1.272416     0.654     0.638     0.669   8.7E-05  8.5E-05  8.8E-05  0.918
 -1.250152 -1.267107 -1.266959 -1.267274 -1.284364     0.496     0.491     0.500   1.7E-04  1.7E-04  1.6E-04  0.897
 -1.060561 -1.077495 -1.077457 -1.077453 -1.085149     0.689     0.687     0.687   1.5E-05  1.5E-05  1.4E-05  0.931
 -1.128721 -1.157014 -1.156836 -1.156843 -1.162326     0.842     0.837     0.837   3.3E-04  3.3E-04  3.3E-04  0.915
 -1.157434 -1.169160 -1.169051 -1.169328 -1.174772     0.676     0.670     0.686   1.4E-04  1.4E-04  1.5E-04  0.908
