Calculate fraction of energy missing in VMC that is recovered by FN-PMC and 1 minus the overlap of Psi_FN*Psi_G with Psi_0*Psi_G
--------------------------------------------------------------------------------------------------------------------------
                                                                                   1 -      1 -      1 -                  
 E_G        E_FN1     E_FN3     E_FN4     E_0       rec_FN1   rec_FN3   rec_FN4   ovlp_FN1 ovlp_FN3 ovlp_FN4 sign_cond_num
--------------------------------------------------------------------------------------------------------------------------
 -1.153737 -1.153737 -1.153737 -1.153737 -1.153737     0.521     0.509    11.334   1.6E-11  1.6E-11  6.4E-08  0.927
 -1.275242 -1.275242 -1.275242 -1.275242 -1.275242     0.674     0.652   -11.721   4.8E-11  4.7E-11  7.6E-08  0.942
 -1.090220 -1.090220 -1.090220 -1.090220 -1.090220     0.768     0.744    -4.230   1.8E-11  1.8E-11  2.5E-08  0.945
 -1.288178 -1.288178 -1.288178 -1.288178 -1.288178     0.769     0.748     4.358   1.0E-11  1.1E-11  1.3E-07  0.913
 -1.176355 -1.176356 -1.176356 -1.176356 -1.176356     0.848     0.826     3.994   2.3E-11  2.3E-11  1.6E-07  0.903
 -1.272416 -1.272416 -1.272416 -1.272416 -1.272416     0.778     0.758    10.144   2.7E-11  2.8E-11  1.4E-07  0.907
 -1.284364 -1.284364 -1.284364 -1.284363 -1.284364     0.322     0.315   -42.321   2.9E-11  3.0E-11  1.3E-07  0.925
 -1.085149 -1.085149 -1.085149 -1.085149 -1.085149     0.811     0.782    -9.593   3.1E-13  3.2E-13  5.1E-08  0.943
 -1.162326 -1.162326 -1.162326 -1.162325 -1.162326     0.733     0.721   -44.933   9.3E-11  9.1E-11  1.7E-08  0.958
 -1.174772 -1.174772 -1.174772 -1.174772 -1.174772     0.678     0.664     7.519   2.2E-11  2.2E-11  1.6E-07  0.906
