Calculate fraction of energy missing in VMC that is recovered by FN-PMC and 1 minus the overlap of Psi_FN*Psi_G with Psi_0*Psi_G
--------------------------------------------------------------------------------------------------------------------------
                                                                                   1 -      1 -      1 -                  
 E_G        E_FN1     E_FN3     E_FN4     E_0       rec_FN1   rec_FN3   rec_FN4   ovlp_FN1 ovlp_FN3 ovlp_FN4 sign_cond_num
--------------------------------------------------------------------------------------------------------------------------
 -2.258279 -2.370229 -2.365590 -2.370229 -2.370229     1.000     0.959     1.000   0.0E+00  3.9E-06  0.0E+00  1.000
 -1.819459 -1.865285 -1.863212 -1.865285 -1.865285     1.000     0.955     1.000   0.0E+00  2.1E-06  3.3E-16  1.000
 -2.243630 -2.302216 -2.299703 -2.302216 -2.302216     1.000     0.957     1.000   0.0E+00  2.4E-06  0.0E+00  1.000
 -2.515097 -2.613684 -2.609315 -2.613684 -2.613684     1.000     0.956     1.000   0.0E+00  4.9E-06 -2.2E-16  1.000
 -2.340667 -2.404036 -2.401088 -2.404036 -2.404036     1.000     0.953     1.000   0.0E+00  2.9E-06  2.2E-16  1.000
 -2.113186 -2.201949 -2.197685 -2.201949 -2.201949     1.000     0.952     1.000   0.0E+00  2.7E-06 -2.2E-16  1.000
 -2.062481 -2.108467 -2.106782 -2.108467 -2.108467     1.000     0.963     1.000   0.0E+00  1.5E-06  0.0E+00  1.000
 -2.144635 -2.184104 -2.180568 -2.184104 -2.184104     1.000     0.910     1.000   0.0E+00  1.2E-06  0.0E+00  1.000
 -2.073751 -2.114152 -2.112524 -2.114152 -2.114152     1.000     0.960     1.000   0.0E+00  2.1E-06  4.4E-16  1.000
 -2.339423 -2.391173 -2.389064 -2.391173 -2.391173     1.000     0.959     1.000   0.0E+00  2.2E-06  1.1E-16  1.000
