Calculate fraction of energy missing in VMC that is recovered by FN-PMC and 1 minus the overlap of Psi_FN*Psi_G with Psi_0*Psi_G
--------------------------------------------------------------------------------------------------------------------------
                                                                                   1 -      1 -      1 -                  
 E_G        E_FN1     E_FN3     E_FN4     E_0       rec_FN1   rec_FN3   rec_FN4   ovlp_FN1 ovlp_FN3 ovlp_FN4 sign_cond_num
--------------------------------------------------------------------------------------------------------------------------
 -0.109978 -0.487918 -0.487249 -0.487522 -1.153737     0.362     0.361     0.362   2.0E-01  2.0E-01  2.0E-01  0.486
 -0.859962 -1.130098 -1.129688 -1.129898 -1.275242     0.650     0.650     0.650   6.7E-03  6.7E-03  6.6E-03  0.851
 -0.165970 -0.995634 -0.994757 -0.995336 -1.090220     0.898     0.897     0.897   2.6E-02  2.6E-02  2.6E-02  0.772
 -0.499412 -0.898842 -0.898147 -0.898590 -1.288178     0.506     0.506     0.506   6.9E-03  6.8E-03  6.9E-03  0.815
 -0.257994 -0.820255 -0.819297 -0.820021 -1.176356     0.612     0.611     0.612   1.1E-01  1.1E-01  1.1E-01  0.690
 -0.406269 -0.776779 -0.776334 -0.776663 -1.272416     0.428     0.427     0.428   1.1E-01  1.1E-01  1.0E-01  0.798
 -0.204822 -0.799099 -0.797764 -0.800125 -1.284364     0.550     0.549     0.551   7.3E-02  7.3E-02  7.3E-02  0.486
 -0.273420 -1.037281 -1.037053 -1.037131 -1.085149     0.941     0.941     0.941   1.1E-03  1.1E-03  1.1E-03  0.848
