Calculate fraction of energy missing in VMC that is recovered by FN-PMC and 1 minus the overlap of Psi_FN*Psi_G with Psi_0*Psi_G
--------------------------------------------------------------------------------------------------------------------------
                                                                                   1 -      1 -      1 -                  
 E_G        E_FN1     E_FN3     E_FN4     E_0       rec_FN1   rec_FN3   rec_FN4   ovlp_FN1 ovlp_FN3 ovlp_FN4 sign_cond_num
--------------------------------------------------------------------------------------------------------------------------
 -1.956568 -2.370229 -2.350218 -2.370229 -2.370229     1.000     0.952     1.000   0.0E+00  1.2E-05  2.2E-16  1.000
 -1.713184 -1.865285 -1.857366 -1.865285 -1.865285     1.000     0.948     1.000   0.0E+00  6.2E-06 -2.2E-16  1.000
 -2.080007 -2.302216 -2.292800 -2.302216 -2.302216     1.000     0.958     1.000   0.0E+00  6.1E-06  0.0E+00  1.000
 -2.254928 -2.613684 -2.597547 -2.613684 -2.613684     1.000     0.955     1.000   0.0E+00  8.9E-06  0.0E+00  1.000
 -2.171465 -2.404036 -2.390413 -2.404036 -2.404036     1.000     0.941     1.000   0.0E+00  6.6E-06  0.0E+00  1.000
 -1.890104 -2.201949 -2.160159 -2.201949 -2.201949     1.000     0.866     1.000   0.0E+00  1.2E-04  0.0E+00  1.000
 -1.940846 -2.108467 -2.101704 -2.108467 -2.108467     1.000     0.960     1.000   0.0E+00  5.6E-06  0.0E+00  1.000
 -2.044034 -2.184104 -2.145599 -2.184104 -2.184104     1.000     0.725     1.000   0.0E+00  4.4E-05  0.0E+00  1.000
 -1.980291 -2.114152 -2.108214 -2.114152 -2.114152     1.000     0.956     1.000   0.0E+00  5.0E-06 -2.2E-16  1.000
 -2.174867 -2.391173 -2.381753 -2.391173 -2.391173     1.000     0.956     1.000   0.0E+00  3.9E-06  0.0E+00  1.000
