Calculate fraction of energy missing in VMC that is recovered by FN-PMC and 1 minus the overlap of Psi_FN*Psi_G with Psi_0*Psi_G
--------------------------------------------------------------------------------------------------------------------------
                                                                                   1 -      1 -      1 -                  
 E_G        E_FN1     E_FN3     E_FN4     E_0       rec_FN1   rec_FN3   rec_FN4   ovlp_FN1 ovlp_FN3 ovlp_FN4 sign_cond_num
--------------------------------------------------------------------------------------------------------------------------
 -1.131880 -1.147888 -1.147887 -1.147887 -1.153737     0.732     0.732     0.732   3.9E-05  3.9E-05  3.9E-05  0.891
 -1.262361 -1.272488 -1.272488 -1.272488 -1.275242     0.786     0.786     0.786   1.3E-04  1.3E-04  1.3E-04  0.919
 -1.069998 -1.088231 -1.088231 -1.088231 -1.090220     0.902     0.902     0.902   7.1E-06  7.1E-06  7.1E-06  0.921
 -1.271159 -1.286284 -1.286283 -1.286283 -1.288178     0.889     0.889     0.889   2.7E-05  2.7E-05  2.7E-05  0.886
 -1.155942 -1.174741 -1.174741 -1.174741 -1.176356     0.921     0.921     0.921   7.1E-05  7.1E-05  7.1E-05  0.870
 -1.242186 -1.271425 -1.271425 -1.271425 -1.272416     0.967     0.967     0.967   1.4E-05  1.4E-05  1.4E-05  0.880
 -1.261786 -1.274796 -1.274796 -1.274795 -1.284364     0.576     0.576     0.576   1.8E-04  1.8E-04  1.8E-04  0.871
 -1.062750 -1.084214 -1.084214 -1.084214 -1.085149     0.958     0.958     0.958   9.3E-07  9.3E-07  9.3E-07  0.928
 -1.147751 -1.158390 -1.158390 -1.158390 -1.162326     0.730     0.730     0.730   2.4E-04  2.4E-04  2.4E-04  0.924
 -1.165594 -1.173815 -1.173815 -1.173815 -1.174772     0.896     0.896     0.896   1.4E-05  1.4E-05  1.4E-05  0.889
