Calculate fraction of energy missing in VMC that is recovered by FN-PMC and 1 minus the overlap of Psi_FN*Psi_G with Psi_0*Psi_G
--------------------------------------------------------------------------------------------------------------------------
                                                                                   1 -      1 -      1 -                  
 E_G        E_FN1     E_FN3     E_FN4     E_0       rec_FN1   rec_FN3   rec_FN4   ovlp_FN1 ovlp_FN3 ovlp_FN4 sign_cond_num
--------------------------------------------------------------------------------------------------------------------------
 -1.101429 -1.138293 -1.137275 -1.139029 -1.153737     0.705     0.685     0.719   4.1E-05  3.7E-05  3.9E-05  0.916
 -1.254143 -1.267230 -1.266001 -1.268028 -1.275242     0.620     0.562     0.658   1.5E-04  1.6E-04  1.5E-04  0.932
 -1.059886 -1.084309 -1.083681 -1.084216 -1.090220     0.805     0.784     0.802   6.9E-05  6.9E-05  6.6E-05  0.940
 -1.248043 -1.277651 -1.276011 -1.279101 -1.288178     0.738     0.697     0.774   2.9E-05  3.0E-05  2.5E-05  0.924
 -1.143728 -1.171309 -1.170272 -1.171862 -1.176356     0.845     0.814     0.862   6.8E-05  6.4E-05  7.1E-05  0.910
 -1.224752 -1.255932 -1.253236 -1.258596 -1.272416     0.654     0.598     0.710   8.7E-05  8.1E-05  9.1E-05  0.918
 -1.250152 -1.267107 -1.266581 -1.267728 -1.284364     0.496     0.480     0.514   1.7E-04  1.7E-04  1.6E-04  0.897
 -1.060561 -1.077495 -1.077342 -1.077323 -1.085149     0.689     0.682     0.682   1.5E-05  1.4E-05  1.2E-05  0.931
 -1.128721 -1.157014 -1.156320 -1.156314 -1.162326     0.842     0.821     0.821   3.3E-04  3.2E-04  3.2E-04  0.915
 -1.157434 -1.169160 -1.168747 -1.169815 -1.174772     0.676     0.652     0.714   1.4E-04  1.5E-04  1.5E-04  0.908
