Calculate fraction of energy missing in VMC that is recovered by FN-PMC and 1 minus the overlap of Psi_FN*Psi_G with Psi_0*Psi_G
--------------------------------------------------------------------------------------------------------------------------
                                                                                   1 -      1 -      1 -                  
 E_G        E_FN1     E_FN3     E_FN4     E_0       rec_FN1   rec_FN3   rec_FN4   ovlp_FN1 ovlp_FN3 ovlp_FN4 sign_cond_num
--------------------------------------------------------------------------------------------------------------------------
 -1.153737 -1.153737 -1.153737 -1.153737 -1.153737     0.530     0.522     0.524   1.6E-11  1.6E-11  1.6E-11  0.927
 -1.275242 -1.275242 -1.275242 -1.275242 -1.275242     0.665     0.675     0.660   4.8E-11  4.8E-11  4.7E-11  0.942
 -1.090220 -1.090220 -1.090220 -1.090220 -1.090220     0.778     0.761     0.760   1.8E-11  1.8E-11  1.7E-11  0.945
 -1.288178 -1.288178 -1.288178 -1.288178 -1.288178     0.765     0.773     0.770   1.0E-11  1.0E-11  9.1E-12  0.913
 -1.176355 -1.176356 -1.176356 -1.176356 -1.176356     0.858     0.851     0.859   2.3E-11  2.3E-11  2.3E-11  0.903
 -1.272416 -1.272416 -1.272416 -1.272416 -1.272416     0.775     0.782     0.783   2.7E-11  2.7E-11  2.8E-11  0.907
 -1.284364 -1.284364 -1.284364 -1.284364 -1.284364     0.319     0.315     0.282   2.9E-11  2.9E-11  3.1E-11  0.925
 -1.085149 -1.085149 -1.085149 -1.085149 -1.085149     0.797     0.816     0.796   3.1E-13  3.1E-13  3.1E-13  0.943
 -1.162326 -1.162326 -1.162326 -1.162326 -1.162326     0.728     0.738     0.686   9.3E-11  9.3E-11  9.3E-11  0.958
 -1.174772 -1.174772 -1.174772 -1.174772 -1.174772     0.640     0.670     0.673   2.2E-11  2.2E-11  2.5E-11  0.906
