Calculate fraction of energy missing in VMC that is recovered by FN-PMC and 1 minus the overlap of Psi_FN*Psi_G with Psi_0*Psi_G
--------------------------------------------------------------------------------------------------------------------------
                                                                                   1 -      1 -      1 -                  
 E_G        E_FN1     E_FN3     E_FN4     E_0       rec_FN1   rec_FN3   rec_FN4   ovlp_FN1 ovlp_FN3 ovlp_FN4 sign_cond_num
--------------------------------------------------------------------------------------------------------------------------
 -1.131880 -1.147888 -1.144977 -1.144322 -1.153737     0.732     0.599     0.569   3.9E-05  2.2E-05  7.2E-05  0.892
 -1.262361 -1.272488 -1.270024 -1.268933 -1.275242     0.786     0.595     0.510   1.3E-04  1.2E-04  9.2E-05  0.920
 -1.069998 -1.088231 -1.084665 -1.085620 -1.090220     0.902     0.725     0.773   7.1E-06  7.5E-06  2.0E-05  0.922
 -1.271159 -1.286284 -1.281974 -1.281539 -1.288178     0.889     0.635     0.610   2.7E-05  1.9E-05  5.1E-05  0.888
 -1.155942 -1.174741 -1.172069 -1.171099 -1.176356     0.921     0.790     0.743   7.1E-05  6.9E-05  1.3E-04  0.873
 -1.242186 -1.271425 -1.264498 -1.265592 -1.272416     0.967     0.738     0.774   1.4E-05  1.2E-05  4.2E-05  0.882
 -1.261786 -1.274796 -1.271287 -1.265936 -1.284364     0.576     0.421     0.184   1.8E-04  1.4E-04  1.6E-04  0.874
 -1.062750 -1.084214 -1.082692 -1.082630 -1.085149     0.958     0.890     0.888   9.3E-07  1.8E-06  1.2E-05  0.929
 -1.147751 -1.158390 -1.156210 -1.153211 -1.162326     0.730     0.580     0.375   2.4E-04  1.9E-04  1.7E-04  0.925
 -1.165594 -1.173815 -1.172115 -1.170759 -1.174772     0.896     0.710     0.563   1.4E-05  1.2E-05  2.7E-05  0.890
