Calculate fraction of energy missing in VMC that is recovered by FN-PMC and 1 minus the overlap of Psi_FN*Psi_G with Psi_0*Psi_G
--------------------------------------------------------------------------------------------------------------------------
                                                                                   1 -      1 -      1 -                  
E_G       E_FN1     E_FN3     E_FN4     E_0         rec_FN1   rec_FN3   rec_FN4   ovlp_FN1 ovlp_FN3 ovlp_FN4 sign_cond_num
--------------------------------------------------------------------------------------------------------------------------
-1.104938 -1.133942 -1.133685 -1.134040 -1.153737     0.594     0.589     0.596   2.3E-04  2.4E-04  2.3E-04  0.892
-1.244824 -1.267553 -1.267041 -1.267627 -1.275242     0.747     0.730     0.750   1.1E-04  1.0E-04  1.1E-04  0.939
-1.067616 -1.082403 -1.082210 -1.082671 -1.090220     0.654     0.646     0.666   2.1E-04  2.1E-04  2.1E-04  0.938
-1.251657 -1.276990 -1.275605 -1.277381 -1.288178     0.694     0.656     0.704   2.1E-04  2.1E-04  2.2E-04  0.918
-1.149968 -1.169566 -1.167926 -1.170054 -1.176356     0.743     0.681     0.761   3.8E-05  3.8E-05  3.6E-05  0.921
-1.237002 -1.264499 -1.264030 -1.264599 -1.272416     0.776     0.763     0.779   4.0E-05  4.5E-05  3.9E-05  0.897
-1.256300 -1.269258 -1.268949 -1.269659 -1.284364     0.462     0.451     0.476   1.2E-03  1.2E-03  1.2E-03  0.913
-1.062972 -1.083959 -1.083854 -1.083895 -1.085149     0.946     0.942     0.943   9.4E-07  1.0E-06  1.0E-06  0.930
-1.130269 -1.151319 -1.151039 -1.151033 -1.162326     0.657     0.648     0.648   3.8E-05  3.7E-05  3.8E-05  0.927
-1.151132 -1.169164 -1.168857 -1.168998 -1.174772     0.763     0.750     0.756   5.4E-05  5.7E-05  5.4E-05  0.880
