Calculate fraction of energy missing in VMC that is recovered by FN-PMC and 1 minus the overlap of Psi_FN*Psi_G with Psi_0*Psi_G
--------------------------------------------------------------------------------------------------------------------------
                                                                                   1 -      1 -      1 -                  
E_G       E_FN1     E_FN3     E_FN4     E_0         rec_FN1   rec_FN3   rec_FN4   ovlp_FN1 ovlp_FN3 ovlp_FN4 sign_cond_num
--------------------------------------------------------------------------------------------------------------------------
-1.153737 -1.153737 -1.153737 -1.153737 -1.153737     0.404     0.394    -5.718   2.1E-11  2.2E-11  6.4E-08  0.927
-1.275242 -1.275242 -1.275242 -1.275242 -1.275242     0.749     0.730    21.393   4.9E-11  4.6E-11  7.7E-08  0.942
-1.090220 -1.090220 -1.090220 -1.090220 -1.090220     0.632     0.609   -11.469   2.5E-11  2.5E-11  2.7E-08  0.945
-1.288178 -1.288178 -1.288178 -1.288178 -1.288178     0.795     0.769    19.409   4.7E-11  4.6E-11  1.4E-07  0.913
-1.176356 -1.176356 -1.176356 -1.176356 -1.176356     0.808     0.790     7.353   1.6E-11  1.6E-11  1.6E-07  0.903
-1.272416 -1.272416 -1.272416 -1.272415 -1.272416     0.774     0.755   -13.212   1.2E-11  1.4E-11  1.4E-07  0.907
-1.284364 -1.284364 -1.284364 -1.284364 -1.284364     0.393     0.385    12.949   4.0E-10  3.9E-10  1.3E-07  0.925
-1.085149 -1.085149 -1.085149 -1.085149 -1.085149     0.863     0.836   -12.176   2.0E-13  2.3E-13  5.1E-08  0.943
-1.162326 -1.162326 -1.162326 -1.162326 -1.162326     0.596     0.580     0.435   1.1E-11  1.1E-11  1.8E-08  0.958
-1.174772 -1.174772 -1.174772 -1.174772 -1.174772     0.745     0.728   -28.995   1.2E-11  1.2E-11  1.5E-07  0.906
