Calculate fraction of energy missing in VMC that is recovered by FN-PMC and 1 minus the overlap of Psi_FN*Psi_G with Psi_0*Psi_G
--------------------------------------------------------------------------------------------------------------------------
                                                                                   1 -      1 -      1 -                  
E_G       E_FN1     E_FN3     E_FN4     E_0         rec_FN1   rec_FN3   rec_FN4   ovlp_FN1 ovlp_FN3 ovlp_FN4 sign_cond_num
--------------------------------------------------------------------------------------------------------------------------
 -1.131880 -1.147888 -1.147462 -1.147474 -1.153737     0.732     0.713     0.713   3.9E-05  3.8E-05  4.2E-05  0.891
 -1.262361 -1.272488 -1.272124 -1.272069 -1.275242     0.786     0.758     0.754   1.3E-04  1.3E-04  1.2E-04  0.919
 -1.069998 -1.088231 -1.087725 -1.087937 -1.090220     0.902     0.877     0.887   7.1E-06  7.8E-06  7.9E-06  0.921
 -1.271159 -1.286284 -1.285661 -1.285708 -1.288178     0.889     0.852     0.855   2.7E-05  2.4E-05  2.5E-05  0.886
 -1.155942 -1.174741 -1.174361 -1.174275 -1.176356     0.921     0.902     0.898   7.1E-05  7.1E-05  7.3E-05  0.871
 -1.242186 -1.271425 -1.270419 -1.270717 -1.272416     0.967     0.934     0.944   1.4E-05  1.2E-05  1.2E-05  0.880
 -1.261786 -1.274796 -1.274243 -1.273805 -1.284364     0.576     0.552     0.532   1.8E-04  1.7E-04  1.7E-04  0.872
 -1.062750 -1.084214 -1.083990 -1.084026 -1.085149     0.958     0.948     0.950   9.3E-07  1.1E-06  8.3E-07  0.928
 -1.147751 -1.158390 -1.158046 -1.157803 -1.162326     0.730     0.706     0.690   2.4E-04  2.3E-04  2.3E-04  0.925
 -1.165594 -1.173815 -1.173568 -1.173430 -1.174772     0.896     0.869     0.854   1.4E-05  1.3E-05  1.0E-05  0.889
