Calculate fraction of energy missing in VMC that is recovered by FN-PMC and 1 minus the overlap of Psi_FN*Psi_G with Psi_0*Psi_G
--------------------------------------------------------------------------------------------------------------------------
                                                                                   1 -      1 -      1 -                  
E_G       E_FN1     E_FN3     E_FN4     E_0         rec_FN1   rec_FN3   rec_FN4   ovlp_FN1 ovlp_FN3 ovlp_FN4 sign_cond_num
--------------------------------------------------------------------------------------------------------------------------
-1.153737 -1.153737 -1.153737 -1.153737 -1.153737     0.407     0.406     0.404   2.1E-11  2.1E-11  2.2E-11  0.927
-1.275242 -1.275242 -1.275242 -1.275242 -1.275242     0.748     0.744     0.769   4.9E-11  4.9E-11  5.0E-11  0.942
-1.090220 -1.090220 -1.090220 -1.090220 -1.090220     0.618     0.646     0.609   2.5E-11  2.5E-11  2.6E-11  0.945
-1.288178 -1.288178 -1.288178 -1.288178 -1.288178     0.793     0.807     0.809   4.7E-11  4.7E-11  4.9E-11  0.913
-1.176356 -1.176356 -1.176356 -1.176356 -1.176356     0.808     0.811     0.810   1.6E-11  1.6E-11  1.4E-11  0.903
-1.272416 -1.272416 -1.272416 -1.272416 -1.272416     0.776     0.787     0.761   1.2E-11  1.2E-11  1.2E-11  0.907
-1.284364 -1.284364 -1.284364 -1.284364 -1.284364     0.391     0.392     0.407   4.0E-10  4.0E-10  4.1E-10  0.925
-1.085149 -1.085149 -1.085149 -1.085149 -1.085149     0.874     0.874     0.853   2.0E-13  2.0E-13  2.8E-13  0.943
-1.162326 -1.162326 -1.162326 -1.162326 -1.162326     0.587     0.596     0.592   1.1E-11  1.1E-11  1.2E-11  0.958
-1.174772 -1.174772 -1.174772 -1.174772 -1.174772     0.735     0.739     0.708   1.2E-11  1.2E-11  1.2E-11  0.906
