Calculate fraction of energy missing in VMC that is recovered by FN-PMC and 1 minus the overlap of Psi_FN*Psi_G with Psi_0*Psi_G
--------------------------------------------------------------------------------------------------------------------------
                                                                                   1 -      1 -      1 -                  
 E_G        E_FN1     E_FN3     E_FN4     E_0       rec_FN1   rec_FN3   rec_FN4   ovlp_FN1 ovlp_FN3 ovlp_FN4 sign_cond_num
--------------------------------------------------------------------------------------------------------------------------
 -1.956568 -2.370229 -2.349661 -2.370229 -2.370229     1.000     0.950     1.000   0.0E+00  6.0E-05  2.2E-16  1.000
 -1.713184 -1.865285 -1.857204 -1.865285 -1.865285     1.000     0.947     1.000   0.0E+00  2.5E-05 -2.2E-16  1.000
 -2.080007 -2.302216 -2.292597 -2.302216 -2.302216     1.000     0.957     1.000   0.0E+00  3.9E-05  0.0E+00  1.000
 -2.254928 -2.613684 -2.597187 -2.613684 -2.613684     1.000     0.954     1.000   0.0E+00  6.6E-05  0.0E+00  1.000
 -2.171465 -2.404036 -2.390089 -2.404036 -2.404036     1.000     0.940     1.000   0.0E+00  4.6E-05  0.0E+00  1.000
 -1.890104 -2.201949 -2.157710 -2.201949 -2.201949     1.000     0.858     1.000   0.0E+00  1.4E-04  0.0E+00  1.000
 -1.940846 -2.108467 -2.101563 -2.108467 -2.108467     1.000     0.959     1.000   0.0E+00  2.2E-05  0.0E+00  1.000
 -2.044034 -2.184104 -2.140944 -2.184104 -2.184104     1.000     0.692     1.000   0.0E+00  5.5E-05  0.0E+00  1.000
 -1.980291 -2.114152 -2.108108 -2.114152 -2.114152     1.000     0.955     1.000   0.0E+00  3.0E-05 -2.2E-16  1.000
 -2.174867 -2.391173 -2.381581 -2.391173 -2.391173     1.000     0.956     1.000   0.0E+00  3.2E-05  0.0E+00  1.000
