Calculate fraction of energy missing in VMC that is recovered by FN-PMC and 1 minus the overlap of Psi_FN*Psi_G with Psi_0*Psi_G
--------------------------------------------------------------------------------------------------------------------------
                                                                                   1 -      1 -      1 -                  
 E_G        E_FN1     E_FN3     E_FN4     E_0       rec_FN1   rec_FN3   rec_FN4   ovlp_FN1 ovlp_FN3 ovlp_FN4 sign_cond_num
--------------------------------------------------------------------------------------------------------------------------
 -7.178018 -7.352350 -7.321214 -7.352350 -7.352350     1.000     0.821     1.000   0.0E+00  2.1E-04  0.0E+00  1.000
 -6.709329 -7.000000 -6.949299 -7.000000 -7.000000     1.000     0.826     1.000   0.0E+00  2.7E-04  0.0E+00  1.000
 -7.126171 -7.352350 -7.317622 -7.352350 -7.352350     1.000     0.846     1.000   0.0E+00  2.4E-04  0.0E+00  1.000
 -6.689820 -7.000000 -6.954206 -7.000000 -7.000000     1.000     0.852     1.000   0.0E+00  3.5E-04  0.0E+00  1.000
 -7.273405 -7.684658 -7.623682 -7.684658 -7.684658     1.000     0.852     1.000   0.0E+00  4.4E-04  1.1E-16  1.000
 -6.056610 -6.216991 -6.187308 -6.216991 -6.216991     1.000     0.815     1.000   0.0E+00  1.3E-04 -2.2E-16  1.000
 -6.348058 -6.623475 -6.575160 -6.623475 -6.623475     1.000     0.825     1.000   0.0E+00  2.6E-04  0.0E+00  1.000
 -6.788474 -7.000000 -6.966221 -7.000000 -7.000000     1.000     0.840     1.000   0.0E+00  2.4E-04  0.0E+00  1.000
 -7.203929 -7.352350 -7.323966 -7.352350 -7.352350     1.000     0.809     1.000   0.0E+00  1.8E-04 -2.2E-16  1.000
 -7.311445 -7.684658 -7.622755 -7.684658 -7.684658     1.000     0.834     1.000   0.0E+00  4.3E-04  1.1E-16  1.000
