Calculate fraction of energy missing in VMC that is recovered by FN-PMC and 1 minus the overlap of Psi_FN*Psi_G with Psi_0*Psi_G
--------------------------------------------------------------------------------------------------------------------------
                                                                                   1 -      1 -      1 -                  
 E_G        E_FN1     E_FN3     E_FN4     E_0       rec_FN1   rec_FN3   rec_FN4   ovlp_FN1 ovlp_FN3 ovlp_FN4 sign_cond_num
--------------------------------------------------------------------------------------------------------------------------
 -3.426083 -3.495559 -3.495553 -3.495551 -3.536717     0.628     0.628     0.628   8.1E-04  8.1E-04  8.1E-04  0.107
 -4.512721 -4.662139 -4.662121 -4.662134 -4.717290     0.730     0.730     0.730   5.2E-04  5.2E-04  5.2E-04  0.263
 -3.575762 -3.681028 -3.681017 -3.681033 -3.706671     0.804     0.804     0.804   5.6E-04  5.6E-04  5.6E-04  0.110
 -3.178961 -3.355407 -3.355391 -3.355410 -3.390033     0.836     0.836     0.836   1.1E-03  1.1E-03  1.1E-03  0.218
 -4.354426 -4.556016 -4.555993 -4.556048 -4.635272     0.718     0.718     0.718   1.1E-03  1.1E-03  1.1E-03  0.176
 -3.417152 -3.511999 -3.511984 -3.512052 -3.559207     0.668     0.668     0.668   6.1E-04  6.1E-04  6.1E-04  0.518
 -2.682256 -2.810571 -2.810560 -2.810589 -2.839034     0.818     0.818     0.819   1.0E-03  1.0E-03  1.0E-03  0.179
 -3.573392 -3.648549 -3.648541 -3.648553 -3.682580     0.688     0.688     0.688   1.1E-03  1.1E-03  1.1E-03  0.088
 -3.399754 -3.445752 -3.445748 -3.445761 -3.472136     0.635     0.635     0.636   8.4E-04  8.4E-04  8.4E-04  0.111
 -3.529075 -3.714657 -3.714642 -3.714670 -3.752890     0.829     0.829     0.829   8.9E-04  8.9E-04  8.9E-04  0.126
