Calculate fraction of energy missing in VMC that is recovered by FN-PMC and 1 minus the overlap of Psi_FN*Psi_G with Psi_0*Psi_G
--------------------------------------------------------------------------------------------------------------------------
                                                                                   1 -      1 -      1 -                  
 E_G        E_FN1     E_FN3     E_FN4     E_0       rec_FN1   rec_FN3   rec_FN4   ovlp_FN1 ovlp_FN3 ovlp_FN4 sign_cond_num
--------------------------------------------------------------------------------------------------------------------------
 -3.426083 -3.495559 -3.488774 -3.487055 -3.536717     0.628     0.567     0.551   8.1E-04  8.9E-04  7.8E-04  0.112
 -4.512721 -4.662139 -4.644627 -4.656518 -4.717290     0.730     0.645     0.703   5.2E-04  7.0E-04  5.3E-04  0.267
 -3.575762 -3.681028 -3.669559 -3.684645 -3.706671     0.804     0.717     0.832   5.6E-04  7.6E-04  5.0E-04  0.115
 -3.178961 -3.355407 -3.338701 -3.357408 -3.390033     0.836     0.757     0.845   1.1E-03  8.8E-04  9.3E-04  0.223
 -4.354426 -4.556016 -4.533498 -4.583963 -4.635272     0.718     0.638     0.817   1.1E-03  1.1E-03  1.1E-03  0.181
 -3.417152 -3.511999 -3.497311 -3.559985 -3.559207     0.668     0.564     1.005   6.1E-04  5.8E-04  5.5E-04  0.520
 -2.682256 -2.810571 -2.798633 -2.827633 -2.839034     0.818     0.742     0.927   1.0E-03  1.2E-03  1.0E-03  0.184
 -3.573392 -3.648549 -3.641022 -3.652308 -3.682580     0.688     0.619     0.723   1.1E-03  1.3E-03  6.8E-04  0.093
 -3.399754 -3.445752 -3.441338 -3.454008 -3.472136     0.635     0.575     0.750   8.4E-04  8.5E-04  9.7E-04  0.117
 -3.529075 -3.714657 -3.698422 -3.726516 -3.752890     0.829     0.757     0.882   8.9E-04  9.6E-04  1.0E-03  0.131
