Calculate fraction of energy missing in VMC that is recovered by FN-PMC and 1 minus the overlap of Psi_FN*Psi_G with Psi_0*Psi_G
--------------------------------------------------------------------------------------------------------------------------
                                                                                   1 -      1 -      1 -                  
 E_G        E_FN1     E_FN3     E_FN4     E_0       rec_FN1   rec_FN3   rec_FN4   ovlp_FN1 ovlp_FN3 ovlp_FN4 sign_cond_num
--------------------------------------------------------------------------------------------------------------------------
 -3.536717 -3.536717 -3.536717 -3.536717 -3.536717     0.580     0.585     0.281   2.3E-10  2.3E-10  2.8E-10  0.138
 -4.717290 -4.717290 -4.717290 -4.717290 -4.717290     0.663     0.664     0.475   1.3E-10  1.3E-10  1.7E-10  0.345
 -3.706670 -3.706670 -3.706670 -3.706670 -3.706671     0.774     0.774     0.720   1.6E-10  1.6E-10  2.0E-10  0.111
 -3.390033 -3.390033 -3.390033 -3.390033 -3.390033     0.861     0.860     1.003   2.6E-10  2.6E-10  2.4E-10  0.181
 -4.635272 -4.635272 -4.635272 -4.635272 -4.635272     0.752     0.753     0.764   2.4E-10  2.4E-10  2.9E-10  0.184
 -3.559207 -3.559207 -3.559207 -3.559207 -3.559207     0.804     0.801     1.190   1.2E-10  1.2E-10  1.8E-10  0.391
 -2.839034 -2.839034 -2.839034 -2.839034 -2.839034     0.835     0.835     0.921   2.5E-10  2.5E-10  3.0E-10  0.185
 -3.682580 -3.682580 -3.682580 -3.682580 -3.682580     0.721     0.718     0.902   3.5E-10  3.5E-10  2.4E-10  0.081
 -3.472136 -3.472136 -3.472136 -3.472136 -3.472136     0.679     0.673     0.711   2.1E-10  2.1E-10  3.9E-10  0.111
 -3.752890 -3.752890 -3.752890 -3.752890 -3.752890     0.835     0.836     0.853   2.3E-10  2.3E-10  3.6E-10  0.148
