Calculate fraction of energy missing in VMC that is recovered by FN-PMC and 1 minus the overlap of Psi_FN*Psi_G with Psi_0*Psi_G
--------------------------------------------------------------------------------------------------------------------------
                                                                                   1 -      1 -      1 -                  
 E_G        E_FN1     E_FN3     E_FN4     E_0       rec_FN1   rec_FN3   rec_FN4   ovlp_FN1 ovlp_FN3 ovlp_FN4 sign_cond_num
--------------------------------------------------------------------------------------------------------------------------
 -3.426083 -3.495559 -3.481652 -3.478036 -3.536717     0.628     0.502     0.470   8.1E-04  1.0E-03  9.4E-04  0.117
 -4.512721 -4.662139 -4.626940 -4.649702 -4.717290     0.730     0.558     0.670   5.2E-04  1.0E-03  6.8E-04  0.272
 -3.575762 -3.681028 -3.657776 -3.686956 -3.706671     0.804     0.626     0.849   5.6E-04  1.1E-03  6.2E-04  0.120
 -3.178961 -3.355407 -3.321218 -3.357600 -3.390033     0.836     0.674     0.846   1.1E-03  7.8E-04  8.2E-04  0.228
 -4.354426 -4.556016 -4.511382 -4.605012 -4.635272     0.718     0.559     0.892   1.1E-03  1.5E-03  1.4E-03  0.186
 -3.417152 -3.511999 -3.483708 -3.600725 -3.559207     0.668     0.469     1.292   6.1E-04  5.7E-04  5.4E-04  0.523
 -2.682256 -2.810571 -2.785940 -2.842013 -2.839034     0.818     0.661     1.019   1.0E-03  1.5E-03  1.2E-03  0.189
 -3.573392 -3.648549 -3.633520 -3.654935 -3.682580     0.688     0.551     0.747   1.1E-03  1.4E-03  4.2E-04  0.098
 -3.399754 -3.445752 -3.437041 -3.460728 -3.472136     0.635     0.515     0.842   8.4E-04  8.9E-04  1.3E-03  0.122
 -3.529075 -3.714657 -3.681815 -3.736376 -3.752890     0.829     0.682     0.926   8.9E-04  1.3E-03  1.3E-03  0.136
