Calculate fraction of energy missing in VMC that is recovered by FN-PMC and 1 minus the overlap of Psi_FN*Psi_G with Psi_0*Psi_G
--------------------------------------------------------------------------------------------------------------------------
                                                                                   1 -      1 -      1 -                  
 E_G        E_FN1     E_FN3     E_FN4     E_0       rec_FN1   rec_FN3   rec_FN4   ovlp_FN1 ovlp_FN3 ovlp_FN4 sign_cond_num
--------------------------------------------------------------------------------------------------------------------------
 -7.178018 -7.352350 -7.352318 -7.352350 -7.352350     1.000     1.000     1.000   0.0E+00  2.2E-10  1.1E-16  1.000
 -6.709329 -7.000000 -6.999948 -7.000000 -7.000000     1.000     1.000     1.000   0.0E+00  2.8E-10  0.0E+00  1.000
 -7.126171 -7.352350 -7.352315 -7.352350 -7.352350     1.000     1.000     1.000   0.0E+00  2.3E-10 -2.2E-16  1.000
 -6.689820 -7.000000 -6.999954 -7.000000 -7.000000     1.000     1.000     1.000   0.0E+00  3.5E-10 -2.2E-16  1.000
 -7.273405 -7.684658 -7.684597 -7.684658 -7.684658     1.000     1.000     1.000   0.0E+00  4.5E-10  2.2E-16  1.000
 -6.056610 -6.216991 -6.216960 -6.216991 -6.216991     1.000     1.000     1.000   0.0E+00  1.4E-10  0.0E+00  1.000
 -6.348058 -6.623475 -6.623426 -6.623475 -6.623475     1.000     1.000     1.000   0.0E+00  2.8E-10  0.0E+00  1.000
 -6.788474 -7.000000 -6.999966 -7.000000 -7.000000     1.000     1.000     1.000   0.0E+00  2.5E-10  0.0E+00  1.000
 -7.203929 -7.352350 -7.352321 -7.352350 -7.352350     1.000     1.000     1.000   0.0E+00  1.9E-10  0.0E+00  1.000
 -7.311445 -7.684658 -7.684595 -7.684658 -7.684658     1.000     1.000     1.000   0.0E+00  4.5E-10 -2.2E-16  1.000
