Calculate fraction of energy missing in VMC that is recovered by FN-PMC and 1 minus the overlap of Psi_FN*Psi_G with Psi_0*Psi_G
--------------------------------------------------------------------------------------------------------------------------
                                                                                   1 -      1 -      1 -                  
 E_G        E_FN1     E_FN3     E_FN4     E_0       rec_FN1   rec_FN3   rec_FN4   ovlp_FN1 ovlp_FN3 ovlp_FN4 sign_cond_num
--------------------------------------------------------------------------------------------------------------------------
 -3.536717 -3.536717 -3.536717 -3.536708 -3.536717     0.583     0.524  -293.423   2.3E-10  2.4E-10  7.4E-05  0.144
 -4.717290 -4.717290 -4.717290 -4.717280 -4.717290     0.662     0.572  -184.105   1.3E-10  1.9E-10  5.1E-05  0.349
 -3.706670 -3.706670 -3.706670 -3.706669 -3.706671     0.775     0.685   -54.692   1.6E-10  2.2E-10  9.2E-05  0.116
 -3.390033 -3.390033 -3.390033 -3.390041 -3.390033     0.861     0.762   140.587   2.6E-10  2.2E-10  3.7E-05  0.186
 -4.635272 -4.635272 -4.635272 -4.635273 -4.635272     0.752     0.664    11.781   2.4E-10  2.8E-10  8.4E-05  0.189
 -3.559207 -3.559207 -3.559207 -3.559220 -3.559207     0.803     0.692   385.377   1.2E-10  1.2E-10  2.8E-05  0.394
 -2.839034 -2.839034 -2.839034 -2.839038 -2.839034     0.835     0.738    84.918   2.5E-10  2.8E-10  5.6E-05  0.190
 -3.682580 -3.682580 -3.682580 -3.682585 -3.682580     0.718     0.644   180.983   3.5E-10  4.3E-10  4.3E-05  0.086
 -3.472136 -3.472136 -3.472136 -3.472137 -3.472136     0.676     0.612    39.140   2.1E-10  2.2E-10  1.1E-04  0.116
 -3.752890 -3.752890 -3.752890 -3.752891 -3.752890     0.837     0.762    17.717   2.3E-10  2.4E-10  6.6E-05  0.153
