E_G       E_FN1     E_FN3     E_FN4     E_FN5     E_FN6     E_0         rec_FN1   rec_FN3   rec_FN4   rec_FN5   rec_FN6 ovlp_FN1 ovlp_FN3 ovlp_FN4 ovlp_FN5 ovlp_FN6 sign_cond_num
-1.104938 -1.133942 -1.127756 -1.127756 -1.133942 -1.133942 -1.153737     0.594     0.468     0.468     0.594     0.594  2.3E-04  3.8E-04  3.8E-04  2.3E-04  2.3E-04  0.892
-1.244824 -1.267553 -1.264840 -1.264841 -1.267552 -1.267553 -1.275242     0.747     0.658     0.658     0.747     0.747  1.1E-04  1.8E-04  1.8E-04  1.1E-04  1.1E-04  0.939
-1.067616 -1.082403 -1.080559 -1.080559 -1.082403 -1.082403 -1.090220     0.654     0.573     0.573     0.654     0.654  2.1E-04  2.8E-04  2.8E-04  2.1E-04  2.1E-04  0.938
-1.251657 -1.276990 -1.274675 -1.274677 -1.276988 -1.276990 -1.288178     0.694     0.630     0.630     0.694     0.694  2.1E-04  2.8E-04  2.8E-04  2.1E-04  2.1E-04  0.918
-1.149968 -1.169566 -1.167764 -1.167766 -1.169564 -1.169567 -1.176356     0.743     0.674     0.674     0.743     0.743  3.8E-05  5.1E-05  5.1E-05  3.8E-05  3.8E-05  0.921
-1.237002 -1.264499 -1.261797 -1.261798 -1.264499 -1.264499 -1.272416     0.776     0.700     0.700     0.776     0.776  4.0E-05  7.5E-05  7.5E-05  4.0E-05  4.0E-05  0.897
-1.256300 -1.269258 -1.267053 -1.267054 -1.269258 -1.269259 -1.284364     0.462     0.383     0.383     0.462     0.462  1.2E-03  1.7E-03  1.7E-03  1.2E-03  1.2E-03  0.913
-1.062972 -1.083959 -1.083215 -1.083215 -1.083959 -1.083959 -1.085149     0.946     0.913     0.913     0.946     0.946  9.4E-07  1.8E-06  1.8E-06  9.4E-07  9.4E-07  0.930
-1.130269 -1.151319 -1.148241 -1.148241 -1.151318 -1.151318 -1.162326     0.657     0.561     0.561     0.657     0.657  3.8E-05  7.0E-05  7.0E-05  3.8E-05  3.8E-05  0.927
-1.151132 -1.169164 -1.167119 -1.167119 -1.169164 -1.169164 -1.174772     0.763     0.676     0.676     0.763     0.763  5.4E-05  8.5E-05  8.5E-05  5.4E-05  5.4E-05  0.880
