E_G       E_FN1     E_FN3     E_FN4     E_FN5     E_FN6     E_0         rec_FN1   rec_FN3   rec_FN4   rec_FN5   rec_FN6 ovlp_FN1 ovlp_FN3 ovlp_FN4 ovlp_FN5 ovlp_FN6 sign_cond_num
-1.104938 -1.133942 -1.127564 -1.127485 -1.133685 -1.134040 -1.153737     0.594     0.464     0.462     0.589     0.596  2.3E-04  3.8E-04  3.7E-04  2.4E-04  2.3E-04  0.892
-1.244824 -1.267553 -1.264448 -1.264747 -1.267041 -1.267627 -1.275242     0.747     0.645     0.655     0.730     0.750  1.1E-04  1.6E-04  1.7E-04  1.0E-04  1.1E-04  0.939
-1.067616 -1.082403 -1.080342 -1.080830 -1.082210 -1.082671 -1.090220     0.654     0.563     0.585     0.646     0.666  2.1E-04  2.8E-04  2.8E-04  2.1E-04  2.1E-04  0.938
-1.251657 -1.276990 -1.273481 -1.275147 -1.275605 -1.277381 -1.288178     0.694     0.598     0.643     0.656     0.704  2.1E-04  2.8E-04  2.9E-04  2.1E-04  2.2E-04  0.918
-1.149968 -1.169566 -1.166288 -1.168444 -1.167926 -1.170054 -1.176356     0.743     0.618     0.700     0.681     0.761  3.8E-05  5.2E-05  4.9E-05  3.8E-05  3.6E-05  0.921
-1.237002 -1.264499 -1.261434 -1.261812 -1.264030 -1.264599 -1.272416     0.776     0.690     0.701     0.763     0.779  4.0E-05  8.0E-05  7.4E-05  4.5E-05  3.9E-05  0.897
-1.256300 -1.269258 -1.266845 -1.267224 -1.268949 -1.269659 -1.284364     0.462     0.376     0.389     0.451     0.476  1.2E-03  1.7E-03  1.7E-03  1.2E-03  1.2E-03  0.913
-1.062972 -1.083959 -1.083152 -1.083079 -1.083854 -1.083895 -1.085149     0.946     0.910     0.907     0.942     0.943  9.4E-07  1.9E-06  2.0E-06  1.0E-06  1.0E-06  0.930
-1.130269 -1.151319 -1.148072 -1.147358 -1.151039 -1.151033 -1.162326     0.657     0.555     0.533     0.648     0.648  3.8E-05  7.1E-05  7.1E-05  3.7E-05  3.8E-05  0.927
-1.151132 -1.169164 -1.166893 -1.166681 -1.168857 -1.168998 -1.174772     0.763     0.667     0.658     0.750     0.756  5.4E-05  8.8E-05  8.5E-05  5.7E-05  5.4E-05  0.880
