E_G       E_FN1     E_FN3     E_FN4     E_FN5     E_FN6     E_0         rec_FN1   rec_FN3   rec_FN4   rec_FN5   rec_FN6 ovlp_FN1 ovlp_FN3 ovlp_FN4 ovlp_FN5 ovlp_FN6 sign_cond_num
-2.258279 -2.370229 -2.370224 -2.370229 -2.370224 -2.370229 -2.370229     1.000     1.000     1.000     1.000     1.000  0.0E+00  2.8E-11  0.0E+00  2.8E-11  0.0E+00  1.000
-1.819459 -1.865285 -1.865283 -1.865285 -1.865283 -1.865285 -1.865285     1.000     1.000     1.000     1.000     1.000  0.0E+00  9.9E-12  0.0E+00  9.9E-12  0.0E+00  1.000
-2.243630 -2.302216 -2.302213 -2.302216 -2.302213 -2.302216 -2.302216     1.000     1.000     1.000     1.000     1.000  0.0E+00  1.4E-11  0.0E+00  1.4E-11  0.0E+00  1.000
-2.515097 -2.613684 -2.613679 -2.613684 -2.613679 -2.613684 -2.613684     1.000     1.000     1.000     1.000     1.000  0.0E+00  2.8E-11  0.0E+00  2.8E-11  0.0E+00  1.000
-2.340667 -2.404036 -2.404033 -2.404036 -2.404033 -2.404036 -2.404036     1.000     1.000     1.000     1.000     1.000  0.0E+00  1.6E-11  0.0E+00  1.6E-11  0.0E+00  1.000
-2.113186 -2.201949 -2.201945 -2.201949 -2.201945 -2.201949 -2.201949     1.000     1.000     1.000     1.000     1.000  0.0E+00  1.3E-11  0.0E+00  1.3E-11  0.0E+00  1.000
-2.062481 -2.108467 -2.108465 -2.108467 -2.108465 -2.108467 -2.108467     1.000     1.000     1.000     1.000     1.000  0.0E+00  7.3E-12  0.0E+00  7.3E-12  0.0E+00  1.000
-2.144635 -2.184104 -2.184100 -2.184104 -2.184100 -2.184104 -2.184104     1.000     1.000     1.000     1.000     1.000  0.0E+00  5.1E-12  0.0E+00  5.1E-12  0.0E+00  1.000
-2.073751 -2.114152 -2.114150 -2.114152 -2.114150 -2.114152 -2.114152     1.000     1.000     1.000     1.000     1.000  0.0E+00  1.1E-11  0.0E+00  1.1E-11  0.0E+00  1.000
-2.339423 -2.391173 -2.391171 -2.391173 -2.391171 -2.391173 -2.391173     1.000     1.000     1.000     1.000     1.000  0.0E+00  1.3E-11  0.0E+00  1.3E-11  0.0E+00  1.000
