Calculate fraction of energy missing in VMC that is recovered by FN-PMC and 1 minus the overlap of Psi_FN*Psi_G with Psi_0*Psi_G
----------------------------------------------------------------------------------------------------------------------------------------------------------------------------------
                                                                                                                         1 -      1 -      1 -      1 -      1 -
E_G       E_FN1     E_FN3     E_FN4     E_FN5     E_FN6     E_0         rec_FN1   rec_FN3   rec_FN4   rec_FN5   rec_FN6 ovlp_FN1 ovlp_FN3 ovlp_FN4 ovlp_FN5 ovlp_FN6 sign_cond_num
----------------------------------------------------------------------------------------------------------------------------------------------------------------------------------
-2.331138 -2.331408 -2.331395 -2.331408 -2.331395 -2.331408 -2.331408     1.000     0.951     1.000     0.951     1.000  0.0E+00  1.1E-07  0.0E+00  1.1E-07  0.0E+00  1.000
-1.828242 -1.828373 -1.828367 -1.828373 -1.828367 -1.828373 -1.828373     0.999     0.954     0.997     0.954     0.998  1.2E-11  3.7E-08  5.4E-10  3.7E-08  1.3E-10  0.999
-2.264406 -2.264551 -2.264543 -2.264551 -2.264543 -2.264551 -2.264551     1.000     0.948     0.999     0.948     0.999  1.3E-12  4.8E-08  5.5E-10  4.8E-08  1.4E-10  0.999
-2.577508 -2.577757 -2.577743 -2.577757 -2.577743 -2.577757 -2.577757     1.000     0.944     1.000     0.944     1.000  0.0E+00  9.7E-08  0.0E+00  9.7E-08  0.0E+00  1.000
-2.366517 -2.366678 -2.366670 -2.366678 -2.366670 -2.366678 -2.366678     1.000     0.953     1.000     0.953     1.000  0.0E+00  4.8E-08  0.0E+00  4.8E-08  0.0E+00  1.000
-2.165152 -2.165380 -2.165371 -2.165381 -2.165371 -2.165381 -2.165381     0.999     0.956     1.001     0.957     1.000  3.6E-10  6.0E-08  3.3E-09  5.8E-08  8.3E-10  0.998
-2.072345 -2.072463 -2.072458 -2.072463 -2.072458 -2.072463 -2.072463     1.000     0.955     1.000     0.955     1.000  0.0E+00  2.4E-08  0.0E+00  2.4E-08  0.0E+00  1.000
-2.149778 -2.149885 -2.149879 -2.149885 -2.149879 -2.149885 -2.149885     1.000     0.937     1.000     0.937     1.000  0.0E+00  1.6E-08  0.0E+00  1.6E-08  0.0E+00  1.000
-2.077926 -2.078042 -2.078037 -2.078042 -2.078037 -2.078042 -2.078042     1.000     0.957     1.000     0.957     1.000  0.0E+00  3.6E-08  0.0E+00  3.6E-08  0.0E+00  1.000
-2.355214 -2.355331 -2.355326 -2.355331 -2.355326 -2.355331 -2.355331     1.000     0.955     1.000     0.955     1.000  0.0E+00  4.4E-08  0.0E+00  4.4E-08  0.0E+00  1.000
