E_G       E_FN1     E_FN3     E_FN4     E_FN5     E_FN6     E_0         rec_FN1   rec_FN3   rec_FN4   rec_FN5   rec_FN6 ovlp_FN1 ovlp_FN3 ovlp_FN4 ovlp_FN5 ovlp_FN6 sign_cond_num
-1.153737 -1.153737 -1.153737 -1.153737 -1.153737 -1.153737 -1.153737     0.404     0.268   -11.993     0.394    -5.718  2.1E-11  4.4E-11  2.6E-07  2.2E-11  6.4E-08  0.927
-1.275242 -1.275242 -1.275242 -1.275242 -1.275242 -1.275242 -1.275242     0.749     0.662    41.931     0.730    21.393  4.9E-11  7.3E-11  3.1E-07  4.6E-11  7.7E-08  0.942
-1.090220 -1.090220 -1.090220 -1.090220 -1.090220 -1.090220 -1.090220     0.632     0.476   -23.705     0.609   -11.469  2.5E-11  3.5E-11  1.1E-07  2.5E-11  2.7E-08  0.945
-1.288178 -1.288178 -1.288178 -1.288179 -1.288178 -1.288178 -1.288178     0.795     0.725    37.935     0.769    19.409  4.7E-11  6.4E-11  5.4E-07  4.6E-11  1.4E-07  0.913
-1.176356 -1.176356 -1.176356 -1.176356 -1.176356 -1.176356 -1.176356     0.808     0.723    13.809     0.790     7.353  1.6E-11  1.8E-11  6.3E-07  1.6E-11  1.6E-07  0.903
-1.272416 -1.272416 -1.272416 -1.272415 -1.272416 -1.272415 -1.272416     0.774     0.653   -27.280     0.755   -13.212  1.2E-11  3.0E-11  5.6E-07  1.4E-11  1.4E-07  0.907
-1.284364 -1.284364 -1.284364 -1.284364 -1.284364 -1.284364 -1.284364     0.393     0.346    25.406     0.385    12.949  4.0E-10  4.5E-10  5.1E-07  3.9E-10  1.3E-07  0.925
-1.085149 -1.085149 -1.085149 -1.085149 -1.085149 -1.085149 -1.085149     0.863     0.770   -25.277     0.836   -12.176  2.0E-13  3.9E-13  2.1E-07  2.3E-13  5.1E-08  0.943
-1.162326 -1.162326 -1.162326 -1.162326 -1.162326 -1.162326 -1.162326     0.596     0.500     0.171     0.580     0.435  1.1E-11  2.0E-11  7.1E-08  1.1E-11  1.8E-08  0.958
-1.174772 -1.174772 -1.174772 -1.174772 -1.174772 -1.174772 -1.174772     0.745     0.635   -58.782     0.728   -28.995  1.2E-11  2.0E-11  6.1E-07  1.2E-11  1.5E-07  0.906
