E_G       E_FN1     E_FN3     E_FN4     E_FN5     E_FN6     E_0         rec_FN1   rec_FN3   rec_FN4   rec_FN5   rec_FN6 ovlp_FN1 ovlp_FN3 ovlp_FN4 ovlp_FN5 ovlp_FN6 sign_cond_num
-1.104938 -1.133942 -1.127363 -1.127192 -1.133424 -1.134121 -1.153737     0.594     0.460     0.456     0.584     0.598  2.3E-04  3.9E-04  3.7E-04  2.4E-04  2.2E-04  0.892
-1.244824 -1.267553 -1.264050 -1.264639 -1.266529 -1.267691 -1.275242     0.747     0.632     0.651     0.714     0.752  1.1E-04  1.5E-04  1.6E-04  9.1E-05  1.0E-04  0.939
-1.067616 -1.082403 -1.080112 -1.081088 -1.082007 -1.082927 -1.090220     0.654     0.553     0.596     0.637     0.677  2.1E-04  2.8E-04  2.9E-04  2.1E-04  2.1E-04  0.938
-1.251657 -1.276990 -1.272353 -1.275567 -1.274313 -1.277745 -1.288178     0.694     0.567     0.655     0.620     0.714  2.1E-04  2.7E-04  3.0E-04  2.0E-04  2.2E-04  0.919
-1.149968 -1.169566 -1.165098 -1.169102 -1.166603 -1.170519 -1.176356     0.743     0.573     0.725     0.630     0.779  3.8E-05  5.3E-05  4.8E-05  3.8E-05  3.5E-05  0.921
-1.237002 -1.264499 -1.261053 -1.261815 -1.263554 -1.264690 -1.272416     0.776     0.679     0.701     0.750     0.782  4.0E-05  8.5E-05  7.4E-05  5.0E-05  3.8E-05  0.897
-1.256300 -1.269258 -1.266621 -1.267352 -1.268632 -1.270023 -1.284364     0.462     0.368     0.394     0.439     0.489  1.2E-03  1.7E-03  1.7E-03  1.1E-03  1.2E-03  0.913
-1.062972 -1.083959 -1.083085 -1.082940 -1.083748 -1.083831 -1.085149     0.946     0.907     0.900     0.937     0.941  9.4E-07  2.0E-06  2.6E-06  1.1E-06  1.2E-06  0.930
-1.130269 -1.151319 -1.147887 -1.146465 -1.150755 -1.150741 -1.162326     0.657     0.550     0.505     0.639     0.639  3.8E-05  7.3E-05  7.2E-05  3.6E-05  3.8E-05  0.927
-1.151132 -1.169164 -1.166664 -1.166237 -1.168550 -1.168827 -1.174772     0.763     0.657     0.639     0.737     0.749  5.4E-05  9.1E-05  8.6E-05  6.0E-05  5.4E-05  0.881
