 -0.079522  0.813660 -0.060960 -0.015412 -0.105570 -0.034848 -0.027216 -0.103144 -0.128500
 -0.415669 -0.526690 -0.000000 -0.000000  0.047226
 -0.017877  0.484768 -0.079102 -0.044647 -0.144836 -0.006492 -0.077576 -0.047361 -0.127159
  0.074622  0.118546 -0.000000  0.000000 -0.020750
 -0.106971  0.753500 -0.081810 -0.125506 -0.032463 -0.089261 -0.007256 -0.106659 -0.040653
 -0.280756 -0.332448 -0.000000  0.000000  0.035901
 -0.051207  0.853021 -0.114209 -0.160159 -0.100056 -0.136514 -0.038189 -0.015343 -0.076623
 -0.304470 -0.331916 -0.000000 -0.000000  0.010780
 -0.199072  0.910111 -0.171734 -0.006964 -0.026607 -0.064569 -0.044486 -0.117934 -0.031653
 -0.402077 -0.500375 -0.000000 -0.000000  0.058584
 -0.101325  0.503187 -0.057237 -0.091700 -0.074379 -0.040585 -0.098101 -0.126537 -0.070308
  0.264200  0.317539  0.000000  0.000000 -0.040300
 -0.040549  0.566835 -0.218363 -0.006953 -0.166193 -0.023657 -0.071997 -0.031739 -0.006663
 -0.040368 -0.000859 -0.000000 -0.000000 -0.006515
 -0.187722  0.552817 -0.150269 -0.008991 -0.052976 -0.052677 -0.030986 -0.082916 -0.013993
  0.024213  0.056066  0.000000  0.000000 -0.006956
 -0.051448  0.532337 -0.113570 -0.087651 -0.080541 -0.012765 -0.003811 -0.090296 -0.153064
  0.093516  0.123140 -0.000000  0.000000 -0.003618
 -0.187280  0.698038 -0.124629 -0.072461 -0.144378 -0.093886 -0.128285 -0.084264 -0.033711
  0.331561  0.346036  0.000000 -0.000000  0.002615
