Input hamiltonian
hamiltonian=random                                                                          
Input ndim, E_T, tau_in
ndim, E_T, tau_in=    9-20.000000 0.000020
Input fraction_positive, off_diag_mag, psiG_noise
fraction_positive, off_diag_mag,psiG_noise= 1.000000 0.500000 0.200000
psiG_correct_sign
psiG_correct_sign= F
plot_deriv= F
Input irand_seed
irand_seed=1425565376542456

Data set    1

H=
  -1.0000  -0.1700  -0.1099  -0.4196  -0.1870  -0.0711  -0.2866  -0.3428  -0.4790
  -0.1700  -0.7500  -0.1641  -0.0472  -0.3042  -0.1121  -0.0931  -0.3299  -0.4853
  -0.1099  -0.1641  -0.5000  -0.1335  -0.4961  -0.3461  -0.4734  -0.3902  -0.0130
  -0.4196  -0.0472  -0.1335  -0.2500  -0.3211  -0.4726  -0.2046  -0.1250  -0.2763
  -0.1870  -0.3042  -0.4961  -0.3211   0.0000  -0.2710  -0.1125  -0.4732  -0.2893
  -0.0711  -0.1121  -0.3461  -0.4726  -0.2710   0.2500  -0.4776  -0.4455  -0.3272
  -0.2866  -0.0931  -0.4734  -0.2046  -0.1125  -0.4776   0.5000  -0.4575  -0.3775
  -0.3428  -0.3299  -0.3902  -0.1250  -0.4732  -0.4455  -0.4575   0.7500  -0.3025
  -0.4790  -0.4853  -0.0130  -0.2763  -0.2893  -0.3272  -0.3775  -0.3025   1.0000

eigenval_p,eigenval_h=  1.000000 -2.370229
psi for P    =   0.4562   0.3342   0.3623   0.3185   0.3385   0.3031   0.2851   0.3050   0.2583

eigenvalues of P=  0.999925  0.999928  0.999934  0.999945  0.999948  0.999956  0.999966  0.999970  1.000000
eigenvalues of H=  1.384192  1.207773  0.918559  0.373842  0.224625 -0.190092 -0.680871 -0.867801 -2.370229
tau, tau_max= 0.000020 0.266353
P=
   1.0000   0.0000   0.0000   0.0000   0.0000   0.0000   0.0000   0.0000   0.0000
   0.0000   1.0000   0.0000   0.0000   0.0000   0.0000   0.0000   0.0000   0.0000
   0.0000   0.0000   1.0000   0.0000   0.0000   0.0000   0.0000   0.0000   0.0000
   0.0000   0.0000   0.0000   1.0000   0.0000   0.0000   0.0000   0.0000   0.0000
   0.0000   0.0000   0.0000   0.0000   1.0000   0.0000   0.0000   0.0000   0.0000
   0.0000   0.0000   0.0000   0.0000   0.0000   0.9999   0.0000   0.0000   0.0000
   0.0000   0.0000   0.0000   0.0000   0.0000   0.0000   0.9999   0.0000   0.0000
   0.0000   0.0000   0.0000   0.0000   0.0000   0.0000   0.0000   0.9999   0.0000
   0.0000   0.0000   0.0000   0.0000   0.0000   0.0000   0.0000   0.0000   0.9999

sum_P_eig,sum_abs_P_eig,sign_condition_number=  2.961211  2.961211  1.000000

P after making eigenvec +ve =
   1.0000   0.0000   0.0000   0.0000   0.0000   0.0000   0.0000   0.0000   0.0000
   0.0000   1.0000   0.0000   0.0000   0.0000   0.0000   0.0000   0.0000   0.0000
   0.0000   0.0000   1.0000   0.0000   0.0000   0.0000   0.0000   0.0000   0.0000
   0.0000   0.0000   0.0000   1.0000   0.0000   0.0000   0.0000   0.0000   0.0000
   0.0000   0.0000   0.0000   0.0000   1.0000   0.0000   0.0000   0.0000   0.0000
   0.0000   0.0000   0.0000   0.0000   0.0000   0.9999   0.0000   0.0000   0.0000
   0.0000   0.0000   0.0000   0.0000   0.0000   0.0000   0.9999   0.0000   0.0000
   0.0000   0.0000   0.0000   0.0000   0.0000   0.0000   0.0000   0.9999   0.0000
   0.0000   0.0000   0.0000   0.0000   0.0000   0.0000   0.0000   0.0000   0.9999

1+(E_0*1-H) (i.e. P with tau=1) after making eigenvec +ve =
  -0.3702  -0.1700  -0.1099  -0.4196  -0.1870  -0.0711  -0.2866  -0.3428  -0.4790
  -0.1700  -0.6202  -0.1641  -0.0472  -0.3042  -0.1121  -0.0931  -0.3299  -0.4853
  -0.1099  -0.1641  -0.8702  -0.1335  -0.4961  -0.3461  -0.4734  -0.3902  -0.0130
  -0.4196  -0.0472  -0.1335  -1.1202  -0.3211  -0.4726  -0.2046  -0.1250  -0.2763
  -0.1870  -0.3042  -0.4961  -0.3211  -1.3702  -0.2710  -0.1125  -0.4732  -0.2893
  -0.0711  -0.1121  -0.3461  -0.4726  -0.2710  -1.6202  -0.4776  -0.4455  -0.3272
  -0.2866  -0.0931  -0.4734  -0.2046  -0.1125  -0.4776  -1.8702  -0.4575  -0.3775
  -0.3428  -0.3299  -0.3902  -0.1250  -0.4732  -0.4455  -0.4575  -2.1202  -0.3025
  -0.4790  -0.4853  -0.0130  -0.2763  -0.2893  -0.3272  -0.3775  -0.3025  -2.3702
psi0         =   0.4562   0.3342   0.3623   0.3185   0.3385   0.3031   0.2851   0.3050   0.2583
psiG         =   0.3736   0.2399   0.4543   0.2985   0.4356   0.2757   0.2067   0.3878   0.2203
1-overlap_G  =   0.0246

E_G= -2.258279

H_imp=
  -1.0000  -0.2648  -0.0904  -0.5251  -0.1603  -0.0963  -0.5180  -0.3302  -0.8122
  -0.1092  -0.7500  -0.0867  -0.0379  -0.1675  -0.0976  -0.1081  -0.2041  -0.5285
  -0.1336  -0.3107  -0.5000  -0.2031  -0.5173  -0.5703  -1.0406  -0.4571  -0.0268
  -0.3353  -0.0587  -0.0877  -0.2500  -0.2200  -0.5118  -0.2956  -0.0962  -0.3745
  -0.2181  -0.5524  -0.4758  -0.4685   0.0000  -0.4283  -0.2371  -0.5315  -0.5721
  -0.0524  -0.1289  -0.2100  -0.4365  -0.1715   0.2500  -0.6371  -0.3167  -0.4095
  -0.1585  -0.0802  -0.2154  -0.1416  -0.0534  -0.3580   0.5000  -0.2438  -0.3541
  -0.3559  -0.5333  -0.3331  -0.1624  -0.4212  -0.6267  -0.8585   0.7500  -0.5326
  -0.2824  -0.4456  -0.0063  -0.2039  -0.1463  -0.2615  -0.4025  -0.1719   1.0000

P_imp=
   1.0000   0.0000   0.0000   0.0000   0.0000   0.0000   0.0000   0.0000   0.0000
   0.0000   1.0000   0.0000   0.0000   0.0000   0.0000   0.0000   0.0000   0.0000
   0.0000   0.0000   1.0000   0.0000   0.0000   0.0000   0.0000   0.0000   0.0000
   0.0000   0.0000   0.0000   1.0000   0.0000   0.0000   0.0000   0.0000   0.0000
   0.0000   0.0000   0.0000   0.0000   1.0000   0.0000   0.0000   0.0000   0.0000
   0.0000   0.0000   0.0000   0.0000   0.0000   0.9999   0.0000   0.0000   0.0000
   0.0000   0.0000   0.0000   0.0000   0.0000   0.0000   0.9999   0.0000   0.0000
   0.0000   0.0000   0.0000   0.0000   0.0000   0.0000   0.0000   0.9999   0.0000
   0.0000   0.0000   0.0000   0.0000   0.0000   0.0000   0.0000   0.0000   0.9999
tau_av_expon_proj    = 0.607732 0.421123 0.664283 0.458902 0.538319 0.338930 0.244050 0.425269 0.276980
tau_av_expon_proj_new= 0.729805 0.617197 0.534694 0.471647 0.421900 0.381646 0.348404 0.320489 0.296716
factor=                1.182071 1.373943 0.784774 1.027391 0.758859 1.118429 1.349214 0.721130 1.068776
factor2=                 1.2009   1.4656   0.8049   1.0278   0.7837   1.1260   1.4276   0.7536   1.0713

eigenvalues of P_imp=  0.999925  0.999928  0.999934  0.999945  0.999948  0.999956  0.999966  0.999970  1.000000
eigenvalues of H_imp=  1.384192  1.207773  0.918559  0.373842  0.224625 -0.190092 -0.680871 -0.867801 -2.370229

eigenval_p,eigenval_h=  1.000000 -2.370229
psi0_psiG    =   0.1747   0.0822   0.1687   0.0975   0.1512   0.0857   0.0604   0.1213   0.0583

imp-sampled: sum_P_eig,sum_abs_P_eig,sign_condition_number=  1.000000  1.000000  1.000000

P_FN1=
   1.0000   0.0000   0.0000   0.0000   0.0000   0.0000   0.0000   0.0000   0.0000
   0.0000   1.0000   0.0000   0.0000   0.0000   0.0000   0.0000   0.0000   0.0000
   0.0000   0.0000   1.0000   0.0000   0.0000   0.0000   0.0000   0.0000   0.0000
   0.0000   0.0000   0.0000   1.0000   0.0000   0.0000   0.0000   0.0000   0.0000
   0.0000   0.0000   0.0000   0.0000   1.0000   0.0000   0.0000   0.0000   0.0000
   0.0000   0.0000   0.0000   0.0000   0.0000   0.9999   0.0000   0.0000   0.0000
   0.0000   0.0000   0.0000   0.0000   0.0000   0.0000   0.9999   0.0000   0.0000
   0.0000   0.0000   0.0000   0.0000   0.0000   0.0000   0.0000   0.9999   0.0000
   0.0000   0.0000   0.0000   0.0000   0.0000   0.0000   0.0000   0.0000   0.9999

eigenvalues of P_FN1=  0.999925  0.999928  0.999934  0.999945  0.999948  0.999956  0.999966  0.999970  1.000000
eigenvalues of H_FN1=  1.384192  1.207773  0.918559  0.373842  0.224625 -0.190092 -0.680871 -0.867801 -2.370229

eigenval_p,eigenval_h=  1.000000 -2.370229
psiFN1_psiG =    0.1747   0.0822   0.1687   0.0975   0.1512   0.0857   0.0604   0.1213   0.0583
psiFN1      =    0.4562   0.3342   0.3623   0.3185   0.3385   0.3031   0.2851   0.3050   0.2583

E_0, E_G, E_FN1, E_G-E_0, E_FN1-E_0, rms fluctuation of E_L  -2.37023  -2.25828  -2.37023   0.11195   0.00000   0.54580
E_L     =  -2.6455  -3.1246  -2.0054  -2.4291  -1.8576  -2.7005  -3.5975  -1.6015  -2.6104
P_L     =   1.0000   1.0000   1.0000   1.0000   1.0000   1.0000   1.0000   1.0000   1.0000
P_abs_L =   1.0000   1.0000   1.0000   1.0000   1.0000   1.0000   1.0000   1.0000   1.0000

P_propos=
   1.0000   0.0000   0.0000   0.0000   0.0000   0.0000   0.0000   0.0000   0.0000
   0.0000   1.0000   0.0000   0.0000   0.0000   0.0000   0.0000   0.0000   0.0000
   0.0000   0.0000   1.0000   0.0000   0.0000   0.0000   0.0000   0.0000   0.0000
   0.0000   0.0000   0.0000   1.0000   0.0000   0.0000   0.0000   0.0000   0.0000
   0.0000   0.0000   0.0000   0.0000   1.0000   0.0000   0.0000   0.0000   0.0000
   0.0000   0.0000   0.0000   0.0000   0.0000   0.9999   0.0000   0.0000   0.0000
   0.0000   0.0000   0.0000   0.0000   0.0000   0.0000   0.9999   0.0000   0.0000
   0.0000   0.0000   0.0000   0.0000   0.0000   0.0000   0.0000   1.0000   0.0000
   0.0000   0.0000   0.0000   0.0000   0.0000   0.0000   0.0000   0.0000   0.9999
sum P_propos  1.000000  1.000000  1.000000  1.000000  1.000000  1.000000  1.000000  1.000000  1.000000
E_FN1= -2.370229 -2.370229
psiG**2=         0.1396   0.0576   0.2064   0.0891   0.1898   0.0760   0.0427   0.1504   0.0485
psiG**2 * P_L=   0.1396   0.0576   0.2063   0.0891   0.1898   0.0760   0.0427   0.1504   0.0485
psiG_psiFN=      0.1747   0.0822   0.1687   0.0975   0.1512   0.0857   0.0604   0.1213   0.0583
P_L=             1.0000   1.0000   1.0000   1.0000   1.0000   1.0000   1.0000   1.0000   1.0000
psiFN_by_psi=          1.2520   1.4283   0.8178   1.0939   0.7966   1.1271   1.4146   0.8063   1.2020

P_markov=
   1.0000   0.0000   0.0000   0.0000   0.0000   0.0000   0.0000   0.0000   0.0000
   0.0000   1.0000   0.0000   0.0000   0.0000   0.0000   0.0000   0.0000   0.0000
   0.0000   0.0000   1.0000   0.0000   0.0000   0.0000   0.0000   0.0000   0.0000
   0.0000   0.0000   0.0000   1.0000   0.0000   0.0000   0.0000   0.0000   0.0000
   0.0000   0.0000   0.0000   0.0000   1.0000   0.0000   0.0000   0.0000   0.0000
   0.0000   0.0000   0.0000   0.0000   0.0000   0.9999   0.0000   0.0000   0.0000
   0.0000   0.0000   0.0000   0.0000   0.0000   0.0000   0.9999   0.0000   0.0000
   0.0000   0.0000   0.0000   0.0000   0.0000   0.0000   0.0000   1.0000   0.0000
   0.0000   0.0000   0.0000   0.0000   0.0000   0.0000   0.0000   0.0000   0.9999

eigenvalues of P_markov=  0.999911  0.999922  0.999934  0.999947  0.999951  0.999955  0.999958  0.999970  1.000000
eigenvalues of H_markov=  2.073058  1.520387  0.912154  0.282702  0.083370 -0.140332 -0.273044 -0.848342 -2.370229

eigenval_p,eigenval_h=  1.000000 -2.370229
psi for P_mar=   0.1396   0.0576   0.2064   0.0891   0.1898   0.0760   0.0427   0.1504   0.0485
psiG**2      =   0.1396   0.0576   0.2064   0.0891   0.1898   0.0760   0.0427   0.1504   0.0485
Above 2 lines should be equal since Markov matrix has dominant state psiG**2
The exception to this occurs when there is no sign problem, but some components of psiG have the wrong sign, in which case one has 2 decoupled spaces with degenerate dominant eigenvalues

P_FN3=
   1.0000   0.0000   0.0000   0.0000   0.0000   0.0000   0.0000   0.0000   0.0000
   0.0000   1.0000   0.0000   0.0000   0.0000   0.0000   0.0000   0.0000   0.0000
   0.0000   0.0000   1.0000   0.0000   0.0000   0.0000   0.0000   0.0000   0.0000
   0.0000   0.0000   0.0000   1.0000   0.0000   0.0000   0.0000   0.0000   0.0000
   0.0000   0.0000   0.0000   0.0000   1.0000   0.0000   0.0000   0.0000   0.0000
   0.0000   0.0000   0.0000   0.0000   0.0000   0.9999   0.0000   0.0000   0.0000
   0.0000   0.0000   0.0000   0.0000   0.0000   0.0000   0.9999   0.0000   0.0000
   0.0000   0.0000   0.0000   0.0000   0.0000   0.0000   0.0000   0.9999   0.0000
   0.0000   0.0000   0.0000   0.0000   0.0000   0.0000   0.0000   0.0000   0.9999
E_FN3= -2.370224 -2.370224

eigenvalues of P_FN3=  0.999925  0.999928  0.999934  0.999945  0.999948  0.999956  0.999966  0.999970  1.000000
eigenvalues of H_FN3=  1.384176  1.207733  0.918551  0.373825  0.224614 -0.190102 -0.680874 -0.867808 -2.370224

eigenval_p,eigenval_h=  1.000000 -2.370224
psiFN3_psiG  =   0.1747   0.0822   0.1687   0.0975   0.1512   0.0857   0.0604   0.1213   0.0583
psiFN3      =    0.4562   0.3342   0.3623   0.3185   0.3385   0.3031   0.2851   0.3050   0.2583

P_FN4=
   1.0000   0.0000   0.0000   0.0000   0.0000   0.0000   0.0000   0.0000   0.0000
   0.0000   1.0000   0.0000   0.0000   0.0000   0.0000   0.0000   0.0000   0.0000
   0.0000   0.0000   1.0000   0.0000   0.0000   0.0000   0.0000   0.0000   0.0000
   0.0000   0.0000   0.0000   1.0000   0.0000   0.0000   0.0000   0.0000   0.0000
   0.0000   0.0000   0.0000   0.0000   1.0000   0.0000   0.0000   0.0000   0.0000
   0.0000   0.0000   0.0000   0.0000   0.0000   0.9999   0.0000   0.0000   0.0000
   0.0000   0.0000   0.0000   0.0000   0.0000   0.0000   0.9999   0.0000   0.0000
   0.0000   0.0000   0.0000   0.0000   0.0000   0.0000   0.0000   0.9999   0.0000
   0.0000   0.0000   0.0000   0.0000   0.0000   0.0000   0.0000   0.0000   0.9999
E_FN4= -2.370229 -2.370229

eigenvalues of P_FN4=  0.999925  0.999928  0.999934  0.999945  0.999948  0.999956  0.999966  0.999970  1.000000
eigenvalues of H_FN4=  1.384192  1.207773  0.918559  0.373842  0.224625 -0.190092 -0.680871 -0.867801 -2.370229

eigenval_p,eigenval_h=  1.000000 -2.370229
psiFN4_psiG  =   0.1747   0.0822   0.1687   0.0975   0.1512   0.0857   0.0604   0.1213   0.0583
psiFN4      =    0.4562   0.3342   0.3623   0.3185   0.3385   0.3031   0.2851   0.3050   0.2583
FN5: sum_pos  0.000000
FN5: sum_pos  0.000000
FN5: sum_pos  0.000000
FN5: sum_pos  0.000000
FN5: sum_pos  0.000000
FN5: sum_pos  0.000000
FN5: sum_pos  0.000000
FN5: sum_pos  0.000000
FN5: sum_pos  0.000000

P_FN5=
   1.0000   0.0000   0.0000   0.0000   0.0000   0.0000   0.0000   0.0000   0.0000
   0.0000   1.0000   0.0000   0.0000   0.0000   0.0000   0.0000   0.0000   0.0000
   0.0000   0.0000   1.0000   0.0000   0.0000   0.0000   0.0000   0.0000   0.0000
   0.0000   0.0000   0.0000   1.0000   0.0000   0.0000   0.0000   0.0000   0.0000
   0.0000   0.0000   0.0000   0.0000   1.0000   0.0000   0.0000   0.0000   0.0000
   0.0000   0.0000   0.0000   0.0000   0.0000   0.9999   0.0000   0.0000   0.0000
   0.0000   0.0000   0.0000   0.0000   0.0000   0.0000   0.9999   0.0000   0.0000
   0.0000   0.0000   0.0000   0.0000   0.0000   0.0000   0.0000   0.9999   0.0000
   0.0000   0.0000   0.0000   0.0000   0.0000   0.0000   0.0000   0.0000   0.9999
E_FN5= -2.370229 -2.370229

eigenvalues of P_FN5=  0.999925  0.999928  0.999934  0.999945  0.999948  0.999956  0.999966  0.999970  1.000000
eigenvalues of H_FN5=  1.384192  1.207773  0.918559  0.373842  0.224625 -0.190092 -0.680871 -0.867801 -2.370229

eigenval_p,eigenval_h=  1.000000 -2.370229
psiFN5_psiG  =   0.1747   0.0822   0.1687   0.0975   0.1512   0.0857   0.0604   0.1213   0.0583
psiFN5      =    0.4562   0.3342   0.3623   0.3185   0.3385   0.3031   0.2851   0.3050   0.2583

E_G, E_FN1, E_FN3, E_FN4, E_0, recover_FN1, recover_FN3, recover_FN4, 1-ovlp_FN1, 1-ovlp_FN3, 1-ovlp_FN4, sign_cond_num= -2.258279 -2.370229 -2.370224 -2.370229 -2.370229 1.000 1.000 1.000 0.E+00 4.E-11-2.E-16 1.000

P_propos2=
   1.0000   0.0000   0.0000   0.0000   0.0000   0.0000   0.0000   0.0000   0.0000
   0.0000   1.0000   0.0000   0.0000   0.0000   0.0000   0.0000   0.0000   0.0000
   0.0000   0.0000   1.0000   0.0000   0.0000   0.0000   0.0000   0.0000   0.0000
   0.0000   0.0000   0.0000   1.0000   0.0000   0.0000   0.0000   0.0000   0.0000
   0.0000   0.0000   0.0000   0.0000   1.0000   0.0000   0.0000   0.0000   0.0000
   0.0000   0.0000   0.0000   0.0000   0.0000   0.9999   0.0000   0.0000   0.0000
   0.0000   0.0000   0.0000   0.0000   0.0000   0.0000   0.9999   0.0000   0.0000
   0.0000   0.0000   0.0000   0.0000   0.0000   0.0000   0.0000   1.0000   0.0000
   0.0000   0.0000   0.0000   0.0000   0.0000   0.0000   0.0000   0.0000   0.9999

eigenvalues of P_FN1_propos=  0.999911  0.999922  0.999934  0.999947  0.999951  0.999955  0.999958  0.999970  1.000000
psi for P_FN1_propos=   0.1396   0.0576   0.2063   0.0891   0.1898   0.0760   0.0427   0.1504   0.0485
psiG**2 * P_L       =   0.1396   0.0576   0.2063   0.0891   0.1898   0.0760   0.0427   0.1504   0.0485
Above 2 lines should be equal since proposal part of P_FN1 has dominant state psiG**2 * P_L
The exception to this occurs when there is no sign problem, but some components of psiG have the wrong sign, in which case one has 2 decoupled spaces with degenerate dominant eigenvalues

P_L=              1.0000   1.0000   1.0000   1.0000   1.0000   1.0000   1.0000   1.0000   1.0000
P_L_der=          0.0000  -0.0002   0.0000   0.0000   0.0000   0.0000   0.0000   0.0000   0.0000
P_L_der_by_P_L=   0.0000  -0.0002   0.0000   0.0000   0.0000   0.0000   0.0000   0.0000   0.0000

P_L_der_by_P_L=   0.0000  -0.0002   0.0000   0.0000   0.0000   0.0000   0.0000   0.0000   0.0000
psiG_psiFN    =   0.1747   0.0822   0.1687   0.0975   0.1512   0.0857   0.0604   0.1213   0.0583
tmp_vec1      =   0.0000  -0.0000   0.0000   0.0000   0.0000   0.0000   0.0000   0.0000   0.0000

PP_FN1=
   2.0000   0.0000   0.0000   0.0000   0.0000   0.0000   0.0000   0.0000   0.0000
   0.0000   2.0000   0.0000   0.0000   0.0000   0.0000   0.0000   0.0000   0.0000
   0.0000   0.0000   2.0000   0.0000   0.0000   0.0000   0.0000   0.0000   0.0000
   0.0000   0.0000   0.0000   2.0000   0.0000   0.0000   0.0000   0.0000   0.0000
   0.0000   0.0000   0.0000   0.0000   2.0000   0.0000   0.0000   0.0000   0.0000
   0.0000   0.0000   0.0000   0.0000   0.0000   1.9999   0.0000   0.0000   0.0000
   0.0000   0.0000   0.0000   0.0000   0.0000   0.0000   1.9999   0.0000   0.0000
   0.0000   0.0000   0.0000   0.0000   0.0000   0.0000   0.0000   1.9999   0.0000
   0.0000   0.0000   0.0000   0.0000   0.0000   0.0000   0.0000   0.0000   1.9999
iter, W_der_by_W, change=    1  0.000027  2.7E-05

PP_FN1=
   2.9999   0.0000   0.0000   0.0000   0.0000   0.0000   0.0000   0.0000   0.0000
   0.0000   2.9999   0.0000   0.0000   0.0000   0.0000   0.0000   0.0000   0.0000
   0.0000   0.0000   2.9999   0.0000   0.0000   0.0000   0.0001   0.0000   0.0000
   0.0000   0.0000   0.0000   2.9999   0.0000   0.0000   0.0000   0.0000   0.0000
   0.0000   0.0000   0.0000   0.0000   2.9999   0.0000   0.0000   0.0000   0.0000
   0.0000   0.0000   0.0000   0.0000   0.0000   2.9998   0.0000   0.0000   0.0000
   0.0000   0.0000   0.0000   0.0000   0.0000   0.0000   2.9998   0.0000   0.0000
   0.0000   0.0000   0.0000   0.0000   0.0000   0.0000   0.0001   2.9998   0.0000
   0.0000   0.0000   0.0000   0.0000   0.0000   0.0000   0.0000   0.0000   2.9998
iter, W_der_by_W, change=    2  0.000040  1.3E-05
iter, W_der_by_W, change=    3  0.000054  1.3E-05
iter, W_der_by_W, change=    4  0.000067  1.3E-05
iter, W_der_by_W, change=    5  0.000080  1.3E-05
iter, W_der_by_W, change=    6  0.000094  1.3E-05
iter, W_der_by_W, change=    7  0.000107  1.3E-05
iter, W_der_by_W, change=    8  0.000121  1.3E-05
iter, W_der_by_W, change=    9  0.000134  1.3E-05
iter, W_der_by_W, change=   10  0.000148  1.3E-05
iter, W_der_by_W, change=   20  0.000282  1.3E-05
iter, W_der_by_W, change=   30  0.000416  1.3E-05
iter, W_der_by_W, change=   40  0.000550  1.3E-05
iter, W_der_by_W, change=   50  0.000683  1.3E-05
iter, W_der_by_W, change=   60  0.000817  1.3E-05
iter, W_der_by_W, change=   70  0.000951  1.3E-05
iter, W_der_by_W, change=   80  0.001085  1.3E-05
iter, W_der_by_W, change=   90  0.001218  1.3E-05
iter, W_der_by_W, change=  100  0.001352  1.3E-05
iter, W_der_by_W, change=  200  0.002684  1.3E-05
iter, W_der_by_W, change=  300  0.004010  1.3E-05
iter, W_der_by_W, change=  400  0.005330  1.3E-05
iter, W_der_by_W, change=  500  0.006644  1.3E-05
iter, W_der_by_W, change=  600  0.007951  1.3E-05
iter, W_der_by_W, change=  700  0.009252  1.3E-05
iter, W_der_by_W, change=  800  0.010548  1.3E-05
iter, W_der_by_W, change=  900  0.011837  1.3E-05
iter, W_der_by_W, change= 1000  0.013120  1.3E-05
iter, W_der_by_W, change= 2000  0.025625  1.2E-05
iter, W_der_by_W, change= 3000  0.037560  1.2E-05
iter, W_der_by_W, change= 4000  0.048953  1.1E-05
iter, W_der_by_W, change= 5000  0.059830  1.1E-05
iter, W_der_by_W, change= 6000  0.070218  1.0E-05
iter, W_der_by_W, change= 7000  0.080140  9.7E-06
iter, W_der_by_W, change= 8000  0.089619  9.3E-06
iter, W_der_by_W, change= 9000  0.098677  8.9E-06
iter, W_der_by_W, change=10000  0.107334  8.5E-06

gradient_vmc_FD, gradient_vmc= -0.415667 -0.415669
E_L_der =         -0.4551   9.8982  -0.3612  -0.1581  -0.6983  -0.4068  -0.4505  -0.8506  -2.2029
E_L_der_increm =  -0.4551   9.8981  -0.3612  -0.1581  -0.6983  -0.4068  -0.4505  -0.8506  -2.2029
The above 2 lines should be equal
psiFN1_psiG  =   0.1747   0.0822   0.1687   0.0975   0.1512   0.0857   0.0604   0.1213   0.0583
psiG_increm**2=                 0.1396    0.0576    0.2064    0.0891    0.1898    0.0760    0.0427    0.1504    0.0485
psiG_increm**2 * P_L_increm=    0.1396    0.0576    0.2063    0.0891    0.1898    0.0760    0.0427    0.1504    0.0485
psiG_psiFN_increm=              0.1747    0.0822    0.1687    0.0975    0.1512    0.0857    0.0604    0.1213    0.0583
psiFN_by_psi_increm                   1.2520    1.4283    0.8178    1.0939    0.7966    1.1271    1.4146    0.8063    1.2020
psiFN_by_psi                          1.2520    1.4283    0.8178    1.0939    0.7966    1.1271    1.4146    0.8063    1.2020
psiFN_by_psi_increm                  1.251972087   1.428279375   0.817776457   1.093877222   0.796563594   1.127123781   1.414582162   0.806257447   1.201980719
psiFN_by_psi                         1.251971915   1.428285133   0.817776345   1.093877072   0.796563484   1.127123627   1.414581968   0.806257336   1.201980554
psiFN_by_psiG_der=                     0.1717   -5.7577    0.1122    0.1500    0.1093    0.1546    0.1940    0.1106    0.1649

gradient_FN1_1=  0.023074 -0.487221 -0.029540  0.002754 -0.037181  0.013573  0.035573 -0.044728  0.006721

gradient_FN1_2= -0.006596  0.249982  0.008445 -0.000787  0.010629 -0.003880 -0.010169  0.012786 -0.001921

gradient_FN1_3= -0.079522  0.813660 -0.060960 -0.015412 -0.105570 -0.034848 -0.027216 -0.103144 -0.128500

E_FN1, E_FN1_increm, gradient_FN1_FD, gradient_FN1= -2.370229 -2.370229 -0.000083  0.000001

gradient_FN1_FD, gradient_FN1, 1st+2*2nd terms, gradient_FU2000, gradient_FN1_1, gradient_FN1_2, gradient_FN1_3, W_der_by_W= -0.000083  0.000001 -0.000000 -0.151153 -0.516975  0.258488  0.258487  0.107334

  1  1 gradient_vmc, gradient_vmc_eval_in_dmc, gradient_FN1, gradient_FN1_1+2*gradient_FN1_3, gradient_FN1_1+W_der_by_W+gradient_FN1_3= -0.415669 -0.526690  0.000001 -0.000000 -0.151153

 1 Ratio: Error replace 2nd by 3rd term  to  Error replace 2nd by W_der_by_W=  0.000004
gradient_FN1_FD, gradient_FN1, gradient_FN1_FD-gradient_FN1= -0.000083  0.000001 -8.4E-05
