Calculate fraction of energy missing in VMC that is recovered by FN-PMC and 1 minus the overlap of Psi_FN*Psi_G with Psi_0*Psi_G
--------------------------------------------------------------------------------------------------------------------------
                                                                                   1 -      1 -      1 -                  
 E_G        E_FN1     E_FN3     E_FN4     E_0       rec_FN1   rec_FN3   rec_FN4   ovlp_FN1 ovlp_FN3 ovlp_FN4 sign_cond_num
--------------------------------------------------------------------------------------------------------------------------
 -1.152632 -1.153184 -1.153172 -1.153264 -1.153737     0.500     0.489     0.572   9.1E-07  9.7E-07  9.8E-07  0.929
 -1.274667 -1.275057 -1.275043 -1.275043 -1.275242     0.679     0.654     0.655   4.1E-06  4.1E-06  4.0E-06  0.940
 -1.089532 -1.090061 -1.090045 -1.090060 -1.090220     0.769     0.746     0.767   1.6E-06  1.6E-06  1.4E-06  0.945
 -1.287165 -1.287947 -1.287925 -1.287973 -1.288178     0.772     0.750     0.797   8.6E-07  1.0E-06  6.8E-07  0.914
 -1.175623 -1.176245 -1.176231 -1.176258 -1.176356     0.849     0.830     0.867   2.0E-06  2.0E-06  2.1E-06  0.904
 -1.271262 -1.272150 -1.272125 -1.272199 -1.272416     0.769     0.748     0.812   2.4E-06  2.6E-06  2.8E-06  0.909
 -1.283593 -1.283881 -1.283874 -1.283805 -1.284364     0.374     0.364     0.275   2.5E-06  2.7E-06  3.1E-06  0.921
 -1.084559 -1.085031 -1.085010 -1.085019 -1.085149     0.800     0.765     0.780   3.5E-08  3.9E-08  6.2E-08  0.941
 -1.161580 -1.162147 -1.162137 -1.162049 -1.162326     0.760     0.747     0.630   8.1E-06  7.7E-06  7.7E-06  0.952
 -1.174431 -1.174665 -1.174660 -1.174678 -1.174772     0.685     0.670     0.723   2.1E-06  2.2E-06  3.0E-06  0.906
