psiG_noise, 1-overlap_FN1  gradient_FN1_1  gradient_FN1_2  gradient_FN1_3      W_der_by_W
  0.0002    4.72E-09       -0.000115        0.000035        0.000035        0.000035
  0.0002    2.43E-09        0.000057       -0.000030       -0.000030       -0.000030
  0.0002    2.93E-09       -0.000052        0.000014        0.000014        0.000014
  0.0002    1.61E-09       -0.000163        0.000073        0.000073        0.000073
  0.0002    2.37E-09       -0.000116        0.000044        0.000044        0.000044
  0.0002    1.80E-09        0.000076       -0.000029       -0.000029       -0.000029
  0.0002    5.08E-09        0.000045       -0.000025       -0.000025       -0.000025
  0.0002    6.92E-10        0.000073       -0.000035       -0.000035       -0.000035
  0.0002    4.55E-09        0.000135       -0.000071       -0.000071       -0.000071
  0.0002    1.48E-09        0.000067       -0.000022       -0.000022       -0.000022
