psiG_noise, 1-overlap_FN1  gradient_FN1_1  gradient_FN1_2  gradient_FN1_3      W_der_by_W
  0.0100    1.20E-05       -0.005903        0.001734        0.001746        0.001784
  0.0100    5.85E-06        0.002806       -0.001490       -0.001497       -0.001511
  0.0100    7.50E-06       -0.002618        0.000709        0.000700        0.000701
  0.0100    3.91E-06       -0.008263        0.003688        0.003681        0.003735
  0.0100    5.98E-06       -0.005859        0.002225        0.002218        0.002235
  0.0100    4.50E-06        0.003747       -0.001431       -0.001432       -0.001421
  0.0100    1.21E-05        0.002197       -0.001238       -0.001243       -0.001250
  0.0100    1.61E-06        0.003575       -0.001724       -0.001726       -0.001772
  0.0100    1.09E-05        0.006628       -0.003498       -0.003510       -0.003453
  0.0100    3.73E-06        0.003349       -0.001096       -0.001101       -0.001086
