psiG_noise, 1-overlap_FN1  gradient_FN1_1  gradient_FN1_2  gradient_FN1_3      W_der_by_W
  0.0800    5.85E-04       -0.057088        0.015738        0.017160        0.019121
  0.0800    3.12E-04        0.020453       -0.011256       -0.011729       -0.012679
  0.0800    6.28E-04       -0.022786        0.006165        0.005636        0.005920
  0.0800    2.22E-04       -0.075109        0.032491        0.032228        0.036872
  0.0800    4.19E-04       -0.052095        0.019677        0.019251        0.020982
  0.0800    3.10E-04        0.025938       -0.009753       -0.009946       -0.009578
  0.0800    6.14E-04        0.014668       -0.008628       -0.009093       -0.009576
  0.0800    1.95E-04        0.025135       -0.011692       -0.011652       -0.016713
  0.0800    5.15E-04        0.046872       -0.024677       -0.025413       -0.022462
  0.0800    2.55E-04        0.025665       -0.008641       -0.008994       -0.008099
