psiG_noise, 1-overlap_FN1  gradient_FN1_1  gradient_FN1_2  gradient_FN1_3      W_der_by_W
  0.0100    3.56E-04       -0.039643        0.010422        0.011806        0.013121
  0.0100    1.96E-04       -0.029971        0.008177        0.008954        0.009716
  0.0100    8.30E-05       -0.020149        0.005695        0.006032        0.006386
  0.0100    2.45E-05       -0.010949        0.003186        0.003271        0.003384
  0.0100    1.16E-05       -0.002320        0.000671        0.000658        0.000668
  0.0100    3.73E-05        0.005790       -0.001837       -0.001822       -0.001798
  0.0100    9.58E-05        0.013430       -0.004325       -0.004179       -0.004046
  0.0100    1.82E-04        0.020639       -0.006786       -0.006425       -0.006104
  0.0100    2.93E-04        0.027458       -0.009213       -0.008568       -0.007994
  0.0100    4.24E-04        0.033917       -0.011603       -0.010619       -0.009737
  0.0100    5.72E-04        0.040049       -0.013951       -0.012584       -0.011350
  0.0100    1.81E-05       -0.045155        0.021366        0.021447        0.022816
  0.0100    1.59E-05       -0.038672        0.018288        0.018348        0.019359
  0.0100    1.21E-05       -0.025807        0.012169        0.012195        0.012657
  0.0100    8.74E-06       -0.012462        0.005807        0.005811        0.005925
  0.0100    6.22E-06        0.000512       -0.000393       -0.000398       -0.000412
  0.0100    4.48E-06        0.013017       -0.006382       -0.006386       -0.006330
  0.0100    3.49E-06        0.025068       -0.012166       -0.012158       -0.011861
  0.0100    3.22E-06        0.036695       -0.017758       -0.017729       -0.017044
  0.0100    3.63E-06        0.047927       -0.023171       -0.023113       -0.021914
  0.0100    4.69E-06        0.058793       -0.028417       -0.028324       -0.026501
  0.0100    6.38E-06        0.069320       -0.033508       -0.033375       -0.030835
  0.0100    3.02E-04       -0.031644        0.009443        0.010506        0.011858
  0.0100    1.66E-04       -0.023007        0.007077        0.007623        0.008318
  0.0100    7.28E-05       -0.014623        0.004592        0.004797        0.005060
  0.0100    2.14E-05       -0.006897        0.002137        0.002168        0.002214
  0.0100    4.14E-06        0.000242       -0.000272       -0.000286       -0.000285
  0.0100    1.49E-05        0.006861       -0.002627       -0.002584       -0.002491
  0.0100    4.88E-05        0.013014       -0.004920       -0.004741       -0.004448
  0.0100    1.02E-04        0.018753       -0.007148       -0.006774       -0.006191
  0.0100    1.71E-04        0.024118       -0.009311       -0.008693       -0.007753
  0.0100    2.53E-04        0.029149       -0.011408       -0.010511       -0.009157
  0.0100    3.47E-04        0.033876       -0.013439       -0.012236       -0.010426
  0.0100    2.58E-04       -0.054372        0.016979        0.018530        0.020560
  0.0100    1.37E-04       -0.040957        0.013411        0.014249        0.015393
  0.0100    5.51E-05       -0.027783        0.009669        0.010015        0.010537
  0.0100    1.29E-05       -0.015440        0.005947        0.006019        0.006182
  0.0100    4.15E-06       -0.003857        0.002266        0.002241        0.002263
  0.0100    2.39E-05        0.007036       -0.001362       -0.001339       -0.001276
  0.0100    6.80E-05        0.017303       -0.004929       -0.004739       -0.004485
  0.0100    1.33E-04        0.026999       -0.008429       -0.007974       -0.007406
  0.0100    2.16E-04        0.036174       -0.011858       -0.011059       -0.010074
  0.0100    3.15E-04        0.044874       -0.015213       -0.014007       -0.012520
  0.0100    4.28E-04        0.053137       -0.018493       -0.016829       -0.014771
  0.0100    5.19E-04       -0.039778        0.012179        0.013069        0.013961
  0.0100    2.88E-04       -0.030145        0.009538        0.010024        0.010537
  0.0100    1.22E-04       -0.020314        0.006690        0.006887        0.007119
  0.0100    2.90E-05       -0.010930        0.003829        0.003864        0.003929
  0.0100    1.36E-06       -0.001969        0.000967        0.000950        0.000949
  0.0100    3.17E-05        0.006597       -0.001887       -0.001862       -0.001841
  0.0100    1.14E-04        0.014795       -0.004726       -0.004580       -0.004459
  0.0100    2.42E-04        0.022651       -0.007543       -0.007208       -0.006919
  0.0100    4.12E-04        0.030187       -0.010335       -0.009753       -0.009237
  0.0100    6.20E-04        0.037424       -0.013098       -0.012221       -0.011426
  0.0100    8.60E-04        0.044382       -0.015828       -0.014615       -0.013496
  0.0100    1.84E-05       -0.053753        0.023250        0.024045        0.029927
  0.0100    1.05E-05       -0.039167        0.017167        0.017587        0.020707
  0.0100    5.60E-06       -0.024939        0.011116        0.011284        0.012545
  0.0100    3.64E-06       -0.012236        0.005617        0.005654        0.005951
  0.0100    3.87E-06       -0.000839        0.000606        0.000601        0.000589
  0.0100    5.75E-06        0.009449       -0.003981       -0.003962       -0.003803
  0.0100    8.88E-06        0.018787       -0.008196       -0.008106       -0.007424
  0.0100    1.30E-05        0.027306       -0.012084       -0.011889       -0.010425
  0.0100    1.78E-05        0.035114       -0.015684       -0.015357       -0.012927
  0.0100    2.32E-05        0.042303       -0.019028       -0.018553       -0.015021
  0.0100    2.91E-05        0.048947       -0.022144       -0.021508       -0.016781
  0.0100    1.55E-05       -0.045518        0.022322        0.022339        0.023406
  0.0100    1.53E-05       -0.043982        0.021564        0.021580        0.022574
  0.0100    1.44E-05       -0.031576        0.015444        0.015450        0.015952
  0.0100    1.34E-05       -0.017560        0.008525        0.008523        0.008668
  0.0100    1.24E-05       -0.003656        0.001656        0.001650        0.001647
  0.0100    1.16E-05        0.009840       -0.005017       -0.005022       -0.004980
  0.0100    1.10E-05        0.022897       -0.011477       -0.011479       -0.011222
  0.0100    1.04E-05        0.035535       -0.017734       -0.017730       -0.017110
  0.0100    9.90E-06        0.047783       -0.023801       -0.023789       -0.022679
  0.0100    9.53E-06        0.059667       -0.029693       -0.029670       -0.027960
  0.0100    9.27E-06        0.071215       -0.035420       -0.035385       -0.032982
  0.0100    3.21E-04       -0.028161        0.007586        0.008521        0.009528
  0.0100    1.81E-04       -0.020027        0.005445        0.005931        0.006432
  0.0100    8.21E-05       -0.012040        0.003179        0.003365        0.003527
  0.0100    2.49E-05       -0.004603        0.000921        0.000953        0.000941
  0.0100    2.43E-06        0.002337       -0.001313       -0.001318       -0.001370
  0.0100    9.03E-06        0.008829       -0.003515       -0.003464       -0.003444
  0.0100    4.01E-05        0.014916       -0.005677       -0.005494       -0.005314
  0.0100    9.17E-05        0.020637       -0.007796       -0.007421       -0.007006
  0.0100    1.61E-04        0.026026       -0.009869       -0.009254       -0.008544
  0.0100    2.45E-04        0.031113       -0.011894       -0.011000       -0.009948
  0.0100    3.41E-04        0.035926       -0.013870       -0.012668       -0.011234
  0.0100    3.01E-05       -0.032731        0.015500        0.015572        0.016648
  0.0100    2.76E-05       -0.028700        0.013566        0.013621        0.014443
  0.0100    2.20E-05       -0.018847        0.008826        0.008848        0.009193
  0.0100    1.70E-05       -0.008797        0.003976        0.003976        0.004047
  0.0100    1.30E-05        0.000862       -0.000700       -0.000710       -0.000706
  0.0100    9.72E-06        0.010098       -0.005185       -0.005195       -0.005075
  0.0100    7.26E-06        0.018935       -0.009488       -0.009491       -0.009099
  0.0100    5.52E-06        0.027405       -0.013623       -0.013611       -0.012816
  0.0100    4.44E-06        0.035535       -0.017602       -0.017569       -0.016258
  0.0100    3.96E-06        0.043351       -0.021437       -0.021379       -0.019454
  0.0100    4.04E-06        0.050879       -0.025139       -0.025050       -0.022432
  0.0100    1.71E-04       -0.036993        0.014140        0.014625        0.015679
  0.0100    1.15E-04       -0.030202        0.011682        0.012000        0.012705
  0.0100    5.17E-05       -0.020148        0.007963        0.008097        0.008416
  0.0100    1.45E-05       -0.010392        0.004264        0.004291        0.004383
  0.0100    1.81E-06       -0.001071        0.000647        0.000638        0.000646
  0.0100    1.10E-05        0.007837       -0.002885       -0.002871       -0.002821
  0.0100    4.00E-05        0.016363       -0.006334       -0.006247       -0.006046
  0.0100    8.68E-05        0.024535       -0.009701       -0.009498       -0.009055
  0.0100    1.50E-04        0.032378       -0.012989       -0.012633       -0.011870
  0.0100    2.28E-04        0.039915       -0.016201       -0.015662       -0.014508
  0.0100    3.19E-04        0.047168       -0.019338       -0.018590       -0.016989
