Calculate fraction of energy missing in VMC that is recovered by FN-PMC and 1 minus the overlap of Psi_FN*Psi_G with Psi_0*Psi_G
--------------------------------------------------------------------------------------------------------------------------
                                                                                   1 -      1 -      1 -                  
 E_G        E_FN1     E_FN3     E_FN4     E_0       rec_FN1   rec_FN3   rec_FN4   ovlp_FN1 ovlp_FN3 ovlp_FN4 sign_cond_num
--------------------------------------------------------------------------------------------------------------------------
 -1.150633 -1.152322 -1.152285 -1.152310 -1.153737     0.544     0.532     0.540   2.8E-04  2.9E-04  3.0E-04  0.927
 -1.273680 -1.274742 -1.274702 -1.274730 -1.275242     0.680     0.654     0.672   1.3E-04  1.3E-04  1.5E-04  0.939
 -1.088307 -1.089773 -1.089733 -1.089784 -1.090220     0.766     0.745     0.772   2.1E-04  2.2E-04  1.8E-04  0.945
 -1.285395 -1.287544 -1.287485 -1.287602 -1.288178     0.772     0.751     0.793   8.9E-05  9.8E-05  9.2E-05  0.916
 -1.174316 -1.176050 -1.176012 -1.176077 -1.176356     0.850     0.831     0.863   1.6E-04  1.6E-04  1.4E-04  0.905
 -1.269228 -1.271658 -1.271588 -1.271756 -1.272416     0.762     0.740     0.793   1.2E-04  1.3E-04  1.0E-04  0.910
 -1.282219 -1.283081 -1.283058 -1.282984 -1.284364     0.402     0.391     0.357   2.6E-04  2.7E-04  2.9E-04  0.918
 -1.083519 -1.084785 -1.084719 -1.084782 -1.085149     0.777     0.736     0.775   3.9E-05  4.9E-05  3.8E-05  0.940
 -1.160245 -1.161858 -1.161831 -1.161709 -1.162326     0.775     0.762     0.704   2.3E-04  2.3E-04  2.8E-04  0.947
 -1.173808 -1.174471 -1.174457 -1.174499 -1.174772     0.688     0.673     0.716   9.6E-05  1.0E-04  8.7E-05  0.907
