Calculate fraction of energy missing in VMC that is recovered by FN-PMC and 1 minus the overlap of Psi_FN*Psi_G with Psi_0*Psi_G
--------------------------------------------------------------------------------------------------------------------------
                                                                                   1 -      1 -      1 -                  
 E_G        E_FN1     E_FN3     E_FN4     E_0       rec_FN1   rec_FN3   rec_FN4   ovlp_FN1 ovlp_FN3 ovlp_FN4 sign_cond_num
--------------------------------------------------------------------------------------------------------------------------
 -2.367730 -2.370229 -2.370107 -2.370229 -2.370229     1.000     0.951     1.000   0.0E+00  9.8E-07  1.1E-16  1.000
 -1.864097 -1.865285 -1.865231 -1.865285 -1.865285     1.000     0.955     1.000   0.0E+00  3.3E-07  2.2E-16  1.000
 -2.300888 -2.302216 -2.302148 -2.302216 -2.302216     1.000     0.949     1.000   0.0E+00  4.4E-07  0.0E+00  1.000
 -2.611405 -2.613684 -2.613560 -2.613684 -2.613684     1.000     0.946     1.000   0.0E+00  8.8E-07  0.0E+00  1.000
 -2.402562 -2.404036 -2.403966 -2.404036 -2.404036     1.000     0.953     1.000   0.0E+00  4.5E-07 -2.2E-16  1.000
 -2.199848 -2.201949 -2.201860 -2.201949 -2.201949     1.000     0.958     1.000   0.0E+00  5.1E-07  0.0E+00  1.000
 -2.107382 -2.108467 -2.108419 -2.108467 -2.108467     1.000     0.956     1.000   0.0E+00  2.2E-07  2.2E-16  1.000
 -2.183134 -2.184104 -2.184041 -2.184104 -2.184104     1.000     0.935     1.000   0.0E+00  1.4E-07  3.3E-16  1.000
 -2.113101 -2.114152 -2.114107 -2.114152 -2.114152     1.000     0.957     1.000   0.0E+00  3.3E-07  0.0E+00  1.000
 -2.390094 -2.391173 -2.391124 -2.391173 -2.391173     1.000     0.955     1.000   0.0E+00  4.0E-07  0.0E+00  1.000
