psiG_noise, 1-overlap_FN1  gradient_FN1_1  gradient_FN1_2  gradient_FN1_3      W_der_by_W
  0.0001    1.18E-09       -0.000057        0.000017        0.000017        0.000017
  0.0001    6.07E-10        0.000028       -0.000015       -0.000015       -0.000015
  0.0001    7.32E-10       -0.000026        0.000007        0.000007        0.000007
  0.0001    4.03E-10       -0.000081        0.000036        0.000036        0.000036
  0.0001    5.93E-10       -0.000058        0.000022        0.000022        0.000022
  0.0001    4.49E-10        0.000038       -0.000015       -0.000015       -0.000015
  0.0001    1.27E-09        0.000023       -0.000013       -0.000013       -0.000013
  0.0001    1.73E-10        0.000036       -0.000018       -0.000018       -0.000018
  0.0001    1.14E-09        0.000068       -0.000036       -0.000036       -0.000036
  0.0001    3.71E-10        0.000034       -0.000011       -0.000011       -0.000011
