Calculate fraction of energy missing in VMC that is recovered by FN-PMC and 1 minus the overlap of Psi_FN*Psi_G with Psi_0*Psi_G
--------------------------------------------------------------------------------------------------------------------------
                                                                                   1 -      1 -      1 -                  
 E_G        E_FN1     E_FN3     E_FN4     E_0       rec_FN1   rec_FN3   rec_FN4   ovlp_FN1 ovlp_FN3 ovlp_FN4 sign_cond_num
--------------------------------------------------------------------------------------------------------------------------
 -1.149554 -1.169799 -1.169286 -1.170131 -1.175438     0.782     0.762     0.795   7.2E-05  7.1E-05  6.7E-05  0.911
 -1.129632 -1.159276 -1.158720 -1.159522 -1.175751     0.643     0.631     0.648   5.7E-05  5.9E-05  5.6E-05  0.930
 -1.134202 -1.167765 -1.167346 -1.167564 -1.175476     0.813     0.803     0.808   7.0E-05  7.0E-05  6.7E-05  0.922
 -1.158501 -1.175326 -1.175123 -1.175707 -1.184027     0.659     0.651     0.674   1.1E-04  1.2E-04  1.1E-04  0.911
 -1.144275 -1.158215 -1.158065 -1.158143 -1.168257     0.581     0.575     0.578   1.3E-04  1.3E-04  1.3E-04  0.938
 -1.086751 -1.101411 -1.101283 -1.101349 -1.107273     0.714     0.708     0.711   1.9E-04  1.9E-04  1.9E-04  0.937
 -1.110682 -1.144845 -1.142068 -1.147796 -1.161965     0.666     0.612     0.724   9.8E-05  9.2E-05  1.0E-04  0.963
 -1.133213 -1.160443 -1.160058 -1.160508 -1.166834     0.810     0.798     0.812   5.7E-05  6.1E-05  5.7E-05  0.926
 -1.143590 -1.194357 -1.193257 -1.194422 -1.205706     0.817     0.800     0.818   1.1E-04  9.0E-05  9.6E-05  0.901
 -1.166779 -1.194661 -1.194317 -1.194516 -1.203650     0.756     0.747     0.752   1.5E-04  1.5E-04  1.4E-04  0.913
