psiG_noise, 1-overlap_FN1  gradient_FN1_1  gradient_FN1_2  gradient_FN1_3      W_der_by_W
  0.0500    2.80E-04       -0.033006        0.009016        0.009548        0.010363
  0.0500    1.29E-04        0.013295       -0.007226       -0.007405       -0.007765
  0.0500    2.14E-04       -0.013750        0.003720        0.003510        0.003572
  0.0500    8.93E-05       -0.044360        0.019458        0.019316        0.020914
  0.0500    1.56E-04       -0.031080        0.011761        0.011599        0.012155
  0.0500    1.16E-04        0.017247       -0.006547       -0.006605       -0.006406
  0.0500    2.58E-04        0.009898       -0.005739       -0.005911       -0.006096
  0.0500    3.95E-05        0.016765       -0.008005       -0.008028       -0.009761
  0.0500    2.27E-04        0.030806       -0.016264       -0.016555       -0.015296
  0.0500    9.60E-05        0.016338       -0.005441       -0.005571       -0.005214
