Calculate fraction of energy missing in VMC that is recovered by FN-PMC and 1 minus the overlap of Psi_FN*Psi_G with Psi_0*Psi_G
--------------------------------------------------------------------------------------------------------------------------
                                                                                   1 -      1 -      1 -                  
 E_G        E_FN1     E_FN3     E_FN4     E_0       rec_FN1   rec_FN3   rec_FN4   ovlp_FN1 ovlp_FN3 ovlp_FN4 sign_cond_num
--------------------------------------------------------------------------------------------------------------------------
 -1.131880 -1.147888 -1.144297 -1.144322 -1.153737     0.732     0.568     0.569   3.9E-05  4.0E-05  7.2E-05  0.892
 -1.262361 -1.272488 -1.269444 -1.268933 -1.275242     0.786     0.550     0.510   1.3E-04  1.2E-04  9.2E-05  0.920
 -1.069998 -1.088231 -1.083934 -1.085620 -1.090220     0.902     0.689     0.773   7.1E-06  2.0E-05  2.0E-05  0.922
 -1.271159 -1.286284 -1.281140 -1.281539 -1.288178     0.889     0.586     0.610   2.7E-05  4.0E-05  5.1E-05  0.888
 -1.155942 -1.174741 -1.171705 -1.171099 -1.176356     0.921     0.772     0.743   7.1E-05  8.5E-05  1.3E-04  0.873
 -1.242186 -1.271425 -1.263309 -1.265592 -1.272416     0.967     0.699     0.774   1.4E-05  8.4E-05  4.2E-05  0.882
 -1.261786 -1.274796 -1.269709 -1.265936 -1.284364     0.576     0.351     0.184   1.8E-04  1.5E-04  1.6E-04  0.874
 -1.062750 -1.084214 -1.082359 -1.082630 -1.085149     0.958     0.875     0.888   9.3E-07  3.4E-06  1.2E-05  0.929
 -1.147751 -1.158390 -1.155438 -1.153211 -1.162326     0.730     0.527     0.375   2.4E-04  1.5E-04  1.7E-04  0.925
 -1.165594 -1.173815 -1.171842 -1.170759 -1.174772     0.896     0.681     0.563   1.4E-05  2.1E-05  2.7E-05  0.890
