Calculate fraction of energy missing in VMC that is recovered by FN-PMC and 1 minus the overlap of Psi_FN*Psi_G with Psi_0*Psi_G
--------------------------------------------------------------------------------------------------------------------------
                                                                                   1 -      1 -      1 -                  
 E_G        E_FN1     E_FN3     E_FN4     E_0       rec_FN1   rec_FN3   rec_FN4   ovlp_FN1 ovlp_FN3 ovlp_FN4 sign_cond_num
--------------------------------------------------------------------------------------------------------------------------
 -1.153737 -1.153737 -1.153737 -1.153737 -1.153737     0.521     0.508    11.334   1.2E-09  1.2E-09  5.4E-06  0.927
 -1.275242 -1.275242 -1.275242 -1.275242 -1.275242     0.674     0.652   -11.721   6.1E-10  6.2E-10  4.8E-06  0.942
 -1.090220 -1.090220 -1.090220 -1.090220 -1.090220     0.768     0.744    -4.230   7.3E-10  7.5E-10  2.1E-06  0.945
 -1.288178 -1.288178 -1.288178 -1.288178 -1.288178     0.769     0.748     4.358   4.0E-10  4.4E-10  4.8E-06  0.913
 -1.176355 -1.176356 -1.176356 -1.176356 -1.176356     0.848     0.826     3.994   5.9E-10  6.0E-10  5.8E-06  0.903
 -1.272416 -1.272416 -1.272416 -1.272416 -1.272416     0.778     0.757    10.144   4.5E-10  4.9E-10  5.0E-06  0.907
 -1.284364 -1.284364 -1.284364 -1.284363 -1.284364     0.322     0.313   -42.321   1.3E-09  1.3E-09  1.6E-05  0.925
 -1.085149 -1.085149 -1.085149 -1.085149 -1.085149     0.811     0.781    -9.593   1.7E-10  1.9E-10  3.1E-06  0.943
 -1.162326 -1.162326 -1.162326 -1.162325 -1.162326     0.733     0.720   -44.933   1.1E-09  1.1E-09  9.4E-06  0.958
 -1.174772 -1.174772 -1.174772 -1.174772 -1.174772     0.678     0.663     7.519   3.7E-10  3.9E-10  4.8E-06  0.906
