Calculate fraction of energy missing in VMC that is recovered by FN-PMC and 1 minus the overlap of Psi_FN*Psi_G with Psi_0*Psi_G
--------------------------------------------------------------------------------------------------------------------------
                                                                                   1 -      1 -      1 -                  
 E_G        E_FN1     E_FN3     E_FN4     E_0       rec_FN1   rec_FN3   rec_FN4   ovlp_FN1 ovlp_FN3 ovlp_FN4 sign_cond_num
--------------------------------------------------------------------------------------------------------------------------
 -1.145673 -1.150510 -1.150409 -1.150536 -1.153737     0.600     0.587     0.603   5.9E-04  6.0E-04  5.9E-04  0.925
 -1.271376 -1.273996 -1.273892 -1.274004 -1.275242     0.678     0.651     0.680   3.1E-04  3.3E-04  3.2E-04  0.937
 -1.085321 -1.089034 -1.088947 -1.089088 -1.090220     0.758     0.740     0.769   6.3E-04  6.4E-04  5.5E-04  0.945
 -1.281183 -1.286575 -1.286425 -1.286702 -1.288178     0.771     0.749     0.789   2.2E-04  2.4E-04  2.1E-04  0.917
 -1.171122 -1.175574 -1.175482 -1.175630 -1.176356     0.851     0.833     0.861   4.2E-04  4.2E-04  3.9E-04  0.906
 -1.264335 -1.270394 -1.270207 -1.270595 -1.272416     0.750     0.727     0.775   3.1E-04  3.4E-04  2.7E-04  0.912
 -1.278865 -1.281258 -1.281197 -1.281165 -1.284364     0.435     0.424     0.418   6.1E-04  6.4E-04  6.2E-04  0.914
 -1.081021 -1.083760 -1.083564 -1.083899 -1.085149     0.663     0.616     0.697   1.9E-04  2.4E-04  1.5E-04  0.938
 -1.156975 -1.161223 -1.161154 -1.161013 -1.162326     0.794     0.781     0.755   5.2E-04  5.2E-04  5.8E-04  0.941
 -1.172241 -1.173988 -1.173952 -1.174047 -1.174772     0.690     0.676     0.713   2.5E-04  2.6E-04  2.3E-04  0.907
