psiG_noise, 1-overlap_FN1  gradient_FN1_1  gradient_FN1_2  gradient_FN1_3      W_der_by_W
  0.0400    1.96E-04       -0.025714        0.006977        0.007316        0.007875
  0.0400    8.49E-05        0.010777       -0.005830       -0.005942       -0.006171
  0.0400    1.32E-04       -0.010868        0.002941        0.002805        0.002837
  0.0400    5.82E-05       -0.034847        0.015352        0.015255        0.016235
  0.0400    9.88E-05       -0.024492        0.009275        0.009172        0.009503
  0.0400    7.35E-05        0.014084       -0.005359       -0.005392       -0.005251
  0.0400    1.70E-04        0.008124       -0.004683       -0.004789       -0.004905
  0.0400    2.40E-05        0.013641       -0.006538       -0.006557       -0.007556
  0.0400    1.52E-04        0.025082       -0.013248       -0.013434       -0.012604
  0.0400    6.09E-05        0.013151       -0.004362       -0.004444       -0.004214
