psiG_noise, 1-overlap_FN1  gradient_FN1_1  gradient_FN1_2  gradient_FN1_3      W_der_by_W
  0.0600    3.73E-04       -0.040656        0.011160        0.011932        0.013059
  0.0600    1.82E-04        0.015745       -0.008597       -0.008858       -0.009379
  0.0600    3.21E-04       -0.016698        0.004517        0.004216        0.004327
  0.0600    1.27E-04       -0.054228        0.023680        0.023493        0.025894
  0.0600    2.29E-04       -0.037871        0.014320        0.014086        0.014942
  0.0600    1.69E-04        0.020274       -0.007676       -0.007768       -0.007509
  0.0600    3.61E-04        0.011578       -0.006749       -0.007002       -0.007272
  0.0600    6.35E-05        0.019753       -0.009382       -0.009403       -0.012150
  0.0600    3.14E-04        0.036338       -0.019171       -0.019589       -0.017829
  0.0600    1.40E-04        0.019486       -0.006514       -0.006705       -0.006195
