psiG_noise, 1-overlap_FN1  gradient_FN1_1  gradient_FN1_2  gradient_FN1_3      W_der_by_W
  0.0300    1.18E-04       -0.018765        0.005095        0.005278        0.005599
  0.0300    4.92E-05        0.008192       -0.004407       -0.004469       -0.004599
  0.0300    7.16E-05       -0.008052        0.002180        0.002102        0.002113
  0.0300    3.34E-05       -0.025671        0.011359        0.011300        0.011841
  0.0300    5.49E-05       -0.018097        0.006859        0.006802        0.006978
  0.0300    4.10E-05        0.010783       -0.004110       -0.004126       -0.004043
  0.0300    9.95E-05        0.006253       -0.003580       -0.003638       -0.003706
  0.0300    1.34E-05        0.010397       -0.004997       -0.005009       -0.005543
  0.0300    8.91E-05        0.019153       -0.010118       -0.010222       -0.009730
  0.0300    3.40E-05        0.009924       -0.003278       -0.003323       -0.003190
