Calculate fraction of energy missing in VMC that is recovered by FN-PMC and 1 minus the overlap of Psi_FN*Psi_G with Psi_0*Psi_G
--------------------------------------------------------------------------------------------------------------------------
                                                                                   1 -      1 -      1 -                  
 E_G        E_FN1     E_FN3     E_FN4     E_0       rec_FN1   rec_FN3   rec_FN4   ovlp_FN1 ovlp_FN3 ovlp_FN4 sign_cond_num
--------------------------------------------------------------------------------------------------------------------------
 -1.149244 -1.151782 -1.151727 -1.151780 -1.153737     0.565     0.553     0.564   3.7E-04  3.8E-04  3.9E-04  0.927
 -1.273018 -1.274529 -1.274471 -1.274522 -1.275242     0.679     0.654     0.676   1.8E-04  1.9E-04  2.0E-04  0.939
 -1.087465 -1.089570 -1.089515 -1.089592 -1.090220     0.764     0.744     0.772   3.2E-04  3.3E-04  2.8E-04  0.945
 -1.284194 -1.287270 -1.287185 -1.287348 -1.288178     0.772     0.751     0.792   1.3E-04  1.4E-04  1.3E-04  0.916
 -1.173416 -1.175916 -1.175862 -1.175951 -1.176356     0.850     0.832     0.862   2.3E-04  2.3E-04  2.1E-04  0.905
 -1.267839 -1.271311 -1.271208 -1.271439 -1.272416     0.759     0.736     0.786   1.7E-04  1.9E-04  1.5E-04  0.911
 -1.281274 -1.282553 -1.282519 -1.282453 -1.284364     0.414     0.403     0.382   3.6E-04  3.7E-04  3.9E-04  0.917
 -1.082810 -1.084575 -1.084474 -1.084590 -1.085149     0.755     0.711     0.761   6.4E-05  8.0E-05  5.7E-05  0.940
 -1.159325 -1.161671 -1.161632 -1.161500 -1.162326     0.782     0.769     0.725   3.1E-04  3.1E-04  3.7E-04  0.945
 -1.173372 -1.174337 -1.174316 -1.174373 -1.174772     0.689     0.674     0.715   1.4E-04  1.4E-04  1.3E-04  0.907
