Calculate fraction of energy missing in VMC that is recovered by FN-PMC and 1 minus the overlap of Psi_FN*Psi_G with Psi_0*Psi_G
--------------------------------------------------------------------------------------------------------------------------
                                                                                   1 -      1 -      1 -                  
 E_G        E_FN1     E_FN3     E_FN4     E_0       rec_FN1   rec_FN3   rec_FN4   ovlp_FN1 ovlp_FN3 ovlp_FN4 sign_cond_num
--------------------------------------------------------------------------------------------------------------------------
 -1.101429 -1.138293 -1.137750 -1.138671 -1.153737     0.705     0.694     0.712   4.1E-05  4.1E-05  4.0E-05  0.916
 -1.254143 -1.267230 -1.266523 -1.267648 -1.275242     0.620     0.587     0.640   1.5E-04  1.6E-04  1.5E-04  0.932
 -1.059886 -1.084309 -1.083989 -1.084265 -1.090220     0.805     0.795     0.804   6.9E-05  6.8E-05  6.8E-05  0.940
 -1.248043 -1.277651 -1.276790 -1.278390 -1.288178     0.738     0.716     0.756   2.9E-05  3.2E-05  2.7E-05  0.923
 -1.143728 -1.171309 -1.170770 -1.171590 -1.176356     0.845     0.829     0.854   6.8E-05  6.6E-05  7.0E-05  0.910
 -1.224752 -1.255932 -1.254448 -1.257303 -1.272416     0.654     0.623     0.683   8.7E-05  8.8E-05  8.9E-05  0.918
 -1.250152 -1.267107 -1.266807 -1.267434 -1.284364     0.496     0.487     0.505   1.7E-04  1.7E-04  1.6E-04  0.897
 -1.060561 -1.077495 -1.077418 -1.077410 -1.085149     0.689     0.686     0.685   1.5E-05  1.4E-05  1.3E-05  0.931
 -1.128721 -1.157014 -1.156657 -1.156669 -1.162326     0.842     0.831     0.832   3.3E-04  3.2E-04  3.3E-04  0.915
 -1.157434 -1.169160 -1.168942 -1.169493 -1.174772     0.676     0.664     0.696   1.4E-04  1.5E-04  1.5E-04  0.908
