Calculate fraction of energy missing in VMC that is recovered by FN-PMC and 1 minus the overlap of Psi_FN*Psi_G with Psi_0*Psi_G
--------------------------------------------------------------------------------------------------------------------------
                                                                                   1 -      1 -      1 -                  
 E_G        E_FN1     E_FN3     E_FN4     E_0       rec_FN1   rec_FN3   rec_FN4   ovlp_FN1 ovlp_FN3 ovlp_FN4 sign_cond_num
--------------------------------------------------------------------------------------------------------------------------
 -1.611140 -1.646336 -1.645157 -1.646666 -1.649262     0.923     0.892     0.932   3.6E-05  5.0E-05  3.6E-05  0.908
 -1.456783 -1.512234 -1.509767 -1.512326 -1.521906     0.851     0.814     0.853   2.7E-05  3.4E-05  2.5E-05  0.945
 -1.379885 -1.427469 -1.425734 -1.427491 -1.428278     0.983     0.947     0.984   5.6E-06  9.0E-06  5.6E-06  0.971
 -1.352032 -1.376441 -1.376065 -1.376434 -1.383589     0.773     0.762     0.773   3.5E-04  3.5E-04  3.4E-04  0.920
 -1.639656 -1.680144 -1.677588 -1.680269 -1.681896     0.959     0.898     0.961   5.8E-06  8.3E-06  5.7E-06  0.943
 -1.485256 -1.510962 -1.510062 -1.511289 -1.513977     0.895     0.864     0.906   5.3E-05  6.2E-05  5.2E-05  0.931
 -1.537040 -1.585500 -1.583583 -1.585664 -1.601892     0.747     0.718     0.750   4.0E-05  6.4E-05  3.9E-05  0.969
 -1.592062 -1.611842 -1.611091 -1.612719 -1.617879     0.766     0.737     0.800   3.7E-05  3.2E-05  3.3E-05  0.942
 -1.578676 -1.652624 -1.650454 -1.652643 -1.658517     0.926     0.899     0.926   2.3E-05  4.4E-05  2.2E-05  0.937
 -1.428082 -1.472258 -1.470317 -1.472219 -1.473451     0.974     0.931     0.973   6.2E-05  7.8E-05  5.8E-05  0.924
