Calculate fraction of energy missing in VMC that is recovered by FN-PMC and 1 minus the overlap of Psi_FN*Psi_G with Psi_0*Psi_G
--------------------------------------------------------------------------------------------------------------------------
                                                                                   1 -      1 -      1 -                  
 E_G        E_FN1     E_FN3     E_FN4     E_0       rec_FN1   rec_FN3   rec_FN4   ovlp_FN1 ovlp_FN3 ovlp_FN4 sign_cond_num
--------------------------------------------------------------------------------------------------------------------------
 -1.151761 -1.152789 -1.152767 -1.152770 -1.153737     0.520     0.509     0.511   2.0E-04  2.0E-04  2.2E-04  0.928
 -1.274231 -1.274918 -1.274893 -1.274904 -1.275242     0.679     0.655     0.666   8.5E-05  8.8E-05  1.0E-04  0.940
 -1.088996 -1.089936 -1.089909 -1.089940 -1.090220     0.768     0.746     0.771   1.3E-04  1.3E-04  1.1E-04  0.945
 -1.286387 -1.287770 -1.287732 -1.287810 -1.288178     0.772     0.751     0.795   5.8E-05  6.3E-05  6.3E-05  0.915
 -1.175052 -1.176160 -1.176135 -1.176179 -1.176356     0.850     0.831     0.864   9.9E-05  1.0E-04  9.3E-05  0.904
 -1.270370 -1.271937 -1.271893 -1.272009 -1.272416     0.766     0.744     0.801   7.3E-05  8.1E-05  6.6E-05  0.909
 -1.282992 -1.283525 -1.283511 -1.283436 -1.284364     0.389     0.378     0.323   1.7E-04  1.8E-04  2.1E-04  0.920
 -1.084103 -1.084930 -1.084891 -1.084920 -1.085149     0.791     0.753     0.781   2.4E-05  2.9E-05  2.5E-05  0.941
 -1.160997 -1.162017 -1.162000 -1.161893 -1.162326     0.768     0.755     0.675   1.5E-04  1.5E-04  2.0E-04  0.949
 -1.174160 -1.174580 -1.174571 -1.174600 -1.174772     0.687     0.672     0.719   6.1E-05  6.3E-05  5.6E-05  0.906
