Calculate fraction of energy missing in VMC that is recovered by FN-PMC and 1 minus the overlap of Psi_FN*Psi_G with Psi_0*Psi_G
--------------------------------------------------------------------------------------------------------------------------
                                                                                   1 -      1 -      1 -                  
 E_G        E_FN1     E_FN3     E_FN4     E_0       rec_FN1   rec_FN3   rec_FN4   ovlp_FN1 ovlp_FN3 ovlp_FN4 sign_cond_num
--------------------------------------------------------------------------------------------------------------------------
 -1.153249 -1.153498 -1.153492 -1.153541 -1.153737     0.510     0.498     0.599   5.0E-05  5.1E-05  4.4E-05  0.928
 -1.274984 -1.275159 -1.275153 -1.275147 -1.275242     0.677     0.654     0.633   2.3E-05  2.3E-05  3.6E-05  0.941
 -1.089914 -1.090149 -1.090142 -1.090146 -1.090220     0.769     0.746     0.759   3.1E-05  3.2E-05  2.5E-05  0.945
 -1.287725 -1.288075 -1.288065 -1.288089 -1.288178     0.771     0.750     0.803   1.5E-05  1.7E-05  2.2E-05  0.914
 -1.176031 -1.176306 -1.176300 -1.176314 -1.176356     0.849     0.828     0.871   2.4E-05  2.5E-05  2.6E-05  0.904
 -1.271902 -1.272299 -1.272288 -1.272328 -1.272416     0.772     0.751     0.830   1.8E-05  2.0E-05  1.9E-05  0.908
 -1.284021 -1.284144 -1.284141 -1.284086 -1.284364     0.358     0.349     0.190   4.6E-05  4.7E-05  8.0E-05  0.923
 -1.084886 -1.085098 -1.085089 -1.085088 -1.085149     0.806     0.773     0.768   6.1E-06  7.0E-06  9.2E-06  0.942
 -1.161995 -1.162244 -1.162239 -1.162176 -1.162326     0.752     0.739     0.546   4.1E-05  4.2E-05  7.3E-05  0.954
 -1.174622 -1.174725 -1.174722 -1.174732 -1.174772     0.683     0.668     0.733   1.5E-05  1.6E-05  1.6E-05  0.906
