Calculate fraction of energy missing in VMC that is recovered by FN-PMC and 1 minus the overlap of Psi_FN*Psi_G with Psi_0*Psi_G
--------------------------------------------------------------------------------------------------------------------------
                                                                                   1 -      1 -      1 -                  
 E_G        E_FN1     E_FN3     E_FN4     E_0       rec_FN1   rec_FN3   rec_FN4   ovlp_FN1 ovlp_FN3 ovlp_FN4 sign_cond_num
--------------------------------------------------------------------------------------------------------------------------
 -1.951518 -1.998798 -1.996839 -1.998848 -1.999528     0.985     0.944     0.986   6.7E-06  2.1E-05  7.1E-06  0.964
 -1.756315 -1.817821 -1.813842 -1.823402 -1.833779     0.794     0.743     0.866   2.9E-05  4.7E-05  1.6E-05  0.978
 -1.671405 -1.729676 -1.727449 -1.729649 -1.729861     0.997     0.959     0.996   4.3E-07  8.8E-06  4.3E-07  0.981
 -1.623642 -1.663326 -1.662072 -1.663413 -1.665215     0.955     0.924     0.957   6.3E-05  7.7E-05  6.1E-05  0.965
 -1.930845 -1.978447 -1.975211 -1.978527 -1.978946     0.990     0.922     0.991   6.5E-07  4.8E-06  6.7E-07  0.976
 -1.791960 -1.827204 -1.825740 -1.827277 -1.827725     0.985     0.944     0.987   2.0E-06  7.8E-06  1.9E-06  0.984
 -1.803297 -1.877633 -1.873842 -1.877905 -1.880468     0.963     0.914     0.967   2.8E-06  1.8E-05  2.5E-06  0.985
 -1.898014 -1.928910 -1.927112 -1.929066 -1.929770     0.973     0.916     0.978   9.3E-07  4.1E-06  7.5E-07  0.991
 -1.827218 -1.917838 -1.914289 -1.917942 -1.918603     0.992     0.953     0.993   9.5E-07  1.5E-05  8.5E-07  0.976
 -1.779969 -1.835038 -1.832342 -1.835019 -1.835554     0.991     0.942     0.990   1.1E-05  3.0E-05  9.9E-06  0.975
