Calculate fraction of energy missing in VMC that is recovered by FN-PMC and 1 minus the overlap of Psi_FN*Psi_G with Psi_0*Psi_G
--------------------------------------------------------------------------------------------------------------------------
                                                                                   1 -      1 -      1 -                  
 E_G        E_FN1     E_FN3     E_FN4     E_0       rec_FN1   rec_FN3   rec_FN4   ovlp_FN1 ovlp_FN3 ovlp_FN4 sign_cond_num
--------------------------------------------------------------------------------------------------------------------------
 -1.153615 -1.153678 -1.153677 -1.153695 -1.153737     0.517     0.504     0.658   1.2E-05  1.2E-05  1.4E-05  0.927
 -1.275177 -1.275221 -1.275219 -1.275214 -1.275242     0.676     0.653     0.569   5.8E-06  6.0E-06  1.6E-05  0.941
 -1.090144 -1.090202 -1.090200 -1.090200 -1.090220     0.769     0.745     0.734   7.5E-06  7.7E-06  6.4E-06  0.945
 -1.288064 -1.288152 -1.288150 -1.288158 -1.288178     0.770     0.749     0.820   3.9E-06  4.2E-06  1.0E-05  0.913
 -1.176274 -1.176343 -1.176341 -1.176346 -1.176356     0.848     0.827     0.887   6.0E-06  6.1E-06  1.0E-05  0.903
 -1.272287 -1.272387 -1.272384 -1.272400 -1.272416     0.775     0.754     0.880   4.5E-06  4.9E-06  8.1E-06  0.908
 -1.284278 -1.284307 -1.284307 -1.284275 -1.284364     0.341     0.332    -0.039   1.2E-05  1.2E-05  3.9E-05  0.924
 -1.085083 -1.085137 -1.085135 -1.085131 -1.085149     0.810     0.778     0.718   1.6E-06  1.8E-06  4.9E-06  0.942
 -1.162243 -1.162305 -1.162303 -1.162269 -1.162326     0.743     0.730     0.310   1.1E-05  1.1E-05  3.2E-05  0.956
 -1.174735 -1.174760 -1.174760 -1.174764 -1.174772     0.681     0.666     0.765   3.7E-06  3.9E-06  7.1E-06  0.906
