Calculate fraction of energy missing in VMC that is recovered by FN-PMC and 1 minus the overlap of Psi_FN*Psi_G with Psi_0*Psi_G
--------------------------------------------------------------------------------------------------------------------------
                                                                                   1 -      1 -      1 -                  
 E_G        E_FN1     E_FN3     E_FN4     E_0       rec_FN1   rec_FN3   rec_FN4   ovlp_FN1 ovlp_FN3 ovlp_FN4 sign_cond_num
--------------------------------------------------------------------------------------------------------------------------
 -2.258279 -2.370229 -2.365506 -2.370229 -2.370229     1.000     0.958     1.000  -2.2E-16  4.2E-05 -2.2E-16  1.000
 -1.819459 -1.865285 -1.863180 -1.865285 -1.865285     1.000     0.954     1.000   0.0E+00  2.2E-05  0.0E+00  1.000
 -2.243630 -2.302216 -2.299660 -2.302216 -2.302216     1.000     0.956     1.000  -4.4E-16  2.2E-05 -2.2E-16  1.000
 -2.515097 -2.613684 -2.609238 -2.613684 -2.613684     1.000     0.955     1.000  -2.2E-16  3.6E-05  0.0E+00  1.000
 -2.340667 -2.404036 -2.401041 -2.404036 -2.404036     1.000     0.953     1.000  -2.2E-16  3.0E-05  0.0E+00  1.000
 -2.113186 -2.201949 -2.197615 -2.201949 -2.201949     1.000     0.951     1.000   0.0E+00  5.4E-05 -2.2E-16  1.000
 -2.062481 -2.108467 -2.106756 -2.108467 -2.108467     1.000     0.963     1.000   0.0E+00  1.6E-05  2.2E-16  1.000
 -2.144635 -2.184104 -2.180465 -2.184104 -2.184104     1.000     0.908     1.000   2.2E-16  6.0E-05  0.0E+00  1.000
 -2.073751 -2.114152 -2.112500 -2.114152 -2.114152     1.000     0.959     1.000   0.0E+00  1.6E-05  0.0E+00  1.000
 -2.339423 -2.391173 -2.389034 -2.391173 -2.391173     1.000     0.959     1.000   1.1E-16  1.9E-05 -2.2E-16  1.000
