Calculate fraction of energy missing in VMC that is recovered by FN-PMC and 1 minus the overlap of Psi_FN*Psi_G with Psi_0*Psi_G
--------------------------------------------------------------------------------------------------------------------------
                                                                                   1 -      1 -      1 -                  
 E_G        E_FN1     E_FN3     E_FN4     E_0       rec_FN1   rec_FN3   rec_FN4   ovlp_FN1 ovlp_FN3 ovlp_FN4 sign_cond_num
--------------------------------------------------------------------------------------------------------------------------
 -1.152632 -1.153184 -1.153180 -1.153214 -1.153737     0.500     0.496     0.527   1.2E-04  1.2E-04  1.1E-04  0.928
 -1.274667 -1.275057 -1.275052 -1.275052 -1.275242     0.679     0.669     0.670   4.9E-05  5.0E-05  5.4E-05  0.940
 -1.089532 -1.090061 -1.090055 -1.090060 -1.090220     0.769     0.760     0.768   7.2E-05  7.2E-05  6.7E-05  0.945
 -1.287165 -1.287947 -1.287939 -1.287957 -1.288178     0.772     0.764     0.781   3.3E-05  3.4E-05  3.5E-05  0.914
 -1.175623 -1.176245 -1.176240 -1.176250 -1.176356     0.849     0.842     0.856   5.5E-05  5.5E-05  5.3E-05  0.904
 -1.271262 -1.272150 -1.272140 -1.272168 -1.272416     0.769     0.761     0.785   4.1E-05  4.2E-05  3.9E-05  0.909
 -1.283593 -1.283881 -1.283878 -1.283853 -1.284364     0.374     0.370     0.337   1.0E-04  1.0E-04  1.1E-04  0.921
 -1.084559 -1.085031 -1.085023 -1.085027 -1.085149     0.800     0.787     0.793   1.3E-05  1.4E-05  1.4E-05  0.941
 -1.161580 -1.162147 -1.162143 -1.162110 -1.162326     0.760     0.755     0.711   8.9E-05  8.9E-05  1.0E-04  0.952
 -1.174431 -1.174665 -1.174663 -1.174670 -1.174772     0.685     0.679     0.699   3.4E-05  3.4E-05  3.2E-05  0.906
