Calculate fraction of energy missing in VMC that is recovered by FN-PMC and 1 minus the overlap of Psi_FN*Psi_G with Psi_0*Psi_G
--------------------------------------------------------------------------------------------------------------------------
                                                                                   1 -      1 -      1 -                  
 E_G        E_FN1     E_FN3     E_FN4     E_0       rec_FN1   rec_FN3   rec_FN4   ovlp_FN1 ovlp_FN3 ovlp_FN4 sign_cond_num
--------------------------------------------------------------------------------------------------------------------------
 -2.369952 -2.370229 -2.370215 -2.370229 -2.370229     1.000     0.950     1.000   0.0E+00  1.1E-07 -2.2E-16  1.000
 -1.865151 -1.865285 -1.865279 -1.865285 -1.865285     1.000     0.954     1.000   0.0E+00  3.8E-08 -4.4E-16  1.000
 -2.302069 -2.302216 -2.302208 -2.302216 -2.302216     1.000     0.948     1.000   0.0E+00  5.0E-08  2.2E-16  1.000
 -2.613431 -2.613684 -2.613669 -2.613684 -2.613684     1.000     0.944     1.000   0.0E+00  1.0E-07  2.2E-16  1.000
 -2.403872 -2.404036 -2.404028 -2.404036 -2.404036     1.000     0.952     1.000   0.0E+00  5.1E-08 -2.2E-16  1.000
 -2.201715 -2.201949 -2.201939 -2.201949 -2.201949     1.000     0.957     1.000   0.0E+00  6.1E-08  0.0E+00  1.000
 -2.108346 -2.108467 -2.108461 -2.108467 -2.108467     1.000     0.954     1.000   0.0E+00  2.5E-08 -2.2E-16  1.000
 -2.183995 -2.184104 -2.184097 -2.184104 -2.184104     1.000     0.937     1.000   0.0E+00  1.7E-08  1.1E-16  1.000
 -2.114033 -2.114152 -2.114147 -2.114152 -2.114152     1.000     0.956     1.000   0.0E+00  3.8E-08  2.2E-16  1.000
 -2.391054 -2.391173 -2.391167 -2.391173 -2.391173     1.000     0.954     1.000   0.0E+00  4.7E-08  2.2E-16  1.000
