psiG_noise, 1-overlap_FN1  gradient_FN1_1  gradient_FN1_2  gradient_FN1_3      W_der_by_W
  0.0800    7.91E-04       -0.071503        0.018719        0.021543        0.025005
  0.0800    6.05E-04       -0.058871        0.016128        0.017704        0.019833
  0.0800    4.98E-04       -0.047154        0.013458        0.014117        0.015241
  0.0800    4.55E-04       -0.036262        0.010746        0.010758        0.011150
  0.0800    4.64E-04       -0.026113        0.008018        0.007605        0.007490
  0.0800    5.17E-04       -0.016635        0.005297        0.004637        0.004203
  0.0800    6.05E-04       -0.007767        0.002598        0.001839        0.001240
  0.0800    7.22E-04        0.000549       -0.000066       -0.000805       -0.001441
  0.0800    8.64E-04        0.008362       -0.002687       -0.003308       -0.003877
  0.0800    1.03E-03        0.015715       -0.005258       -0.005683       -0.006098
  0.0800    1.21E-03        0.022650       -0.007774       -0.007939       -0.008130
  0.0800    4.32E-04       -0.052014        0.022506        0.022365        0.024331
  0.0800    4.10E-04       -0.039501        0.016726        0.016486        0.017462
  0.0800    3.89E-04       -0.027581        0.011200        0.010883        0.011109
  0.0800    3.70E-04       -0.016210        0.005911        0.005535        0.005219
  0.0800    3.52E-04       -0.005351        0.000845        0.000424       -0.000254
  0.0800    3.36E-04        0.005033       -0.004015       -0.004465       -0.005351
  0.0800    3.20E-04        0.014975       -0.008680       -0.009148       -0.010108
  0.0800    3.06E-04        0.024502       -0.013162       -0.013638       -0.014557
  0.0800    2.94E-04        0.033644       -0.017474       -0.017949       -0.018728
  0.0800    2.82E-04        0.042424       -0.021626       -0.022091       -0.022646
  0.0800    2.71E-04        0.050865       -0.025626       -0.026076       -0.026335
  0.0800    9.34E-04       -0.036580        0.009862        0.010085        0.011122
  0.0800    7.17E-04       -0.027374        0.007451        0.007123        0.007600
  0.0800    5.64E-04       -0.018951        0.005046        0.004387        0.004555
  0.0800    4.61E-04       -0.011216        0.002669        0.001849        0.001909
  0.0800    4.00E-04       -0.004090        0.000337       -0.000511       -0.000403
  0.0800    3.72E-04        0.002495       -0.001939       -0.002714       -0.002433
  0.0800    3.73E-04        0.008599       -0.004153       -0.004775       -0.004225
  0.0800    3.96E-04        0.014273       -0.006300       -0.006710       -0.005813
  0.0800    4.39E-04        0.019560       -0.008379       -0.008531       -0.007228
  0.0800    4.97E-04        0.024500       -0.010388       -0.010249       -0.008494
  0.0800    5.68E-04        0.029127       -0.012328       -0.011872       -0.009632
  0.0800    4.24E-04       -0.108127        0.041293        0.043423        0.052234
  0.0800    2.97E-04       -0.091219        0.036948        0.037708        0.044185
  0.0800    2.23E-04       -0.075546        0.032617        0.032377        0.037066
  0.0800    1.93E-04       -0.060981        0.028328        0.027392        0.030744
  0.0800    2.00E-04       -0.047414        0.024104        0.022717        0.025109
  0.0800    2.36E-04       -0.034745        0.019962        0.018325        0.020065
  0.0800    2.99E-04       -0.022891        0.015913        0.014187        0.015535
  0.0800    3.82E-04       -0.011775        0.011964        0.010283        0.011450
  0.0800    4.84E-04       -0.001330        0.008120        0.006590        0.007755
  0.0800    6.00E-04        0.008502        0.004383        0.003092        0.004399
  0.0800    7.29E-04        0.017776        0.000753       -0.000229        0.001343
  0.0800    7.84E-04       -0.066013        0.023492        0.023752        0.026487
  0.0800    4.76E-04       -0.054606        0.020387        0.020067        0.021963
  0.0800    2.63E-04       -0.043792        0.017266        0.016543        0.017779
  0.0800    1.33E-04       -0.033528        0.014146        0.013169        0.013904
  0.0800    7.57E-05       -0.023777        0.011039        0.009935        0.010309
  0.0800    8.23E-05       -0.014502        0.007957        0.006833        0.006967
  0.0800    1.45E-04       -0.005671        0.004907        0.003855        0.003855
  0.0800    2.56E-04        0.002746        0.001896        0.000992        0.000951
  0.0800    4.11E-04        0.010776       -0.001070       -0.001763       -0.001763
  0.0800    6.04E-04        0.018446       -0.003987       -0.004416       -0.004305
  0.0800    8.30E-04        0.025778       -0.006852       -0.006973       -0.006690
  0.0800    2.54E-04       -0.080027        0.036994        0.038102        0.050556
  0.0800    2.54E-04       -0.061021        0.029001        0.029495        0.036344
  0.0800    2.58E-04       -0.044435        0.021886        0.021982        0.025169
  0.0800    2.63E-04       -0.029836        0.015515        0.015365        0.016279
  0.0800    2.70E-04       -0.016885        0.009779        0.009493        0.009133
  0.0800    2.78E-04       -0.005318        0.004589        0.004246        0.003337
  0.0800    2.87E-04        0.005078       -0.000130       -0.000472       -0.001402
  0.0800    2.97E-04        0.014474       -0.004439       -0.004738       -0.005304
  0.0800    3.07E-04        0.023010       -0.008390       -0.008616       -0.008537
  0.0800    3.17E-04        0.030802       -0.012026       -0.012157       -0.011232
  0.0800    3.27E-04        0.037944       -0.015385       -0.015405       -0.013489
  0.0800    6.51E-04       -0.052871        0.024223        0.023802        0.024181
  0.0800    6.44E-04       -0.040146        0.018050        0.017608        0.017461
  0.0800    6.38E-04       -0.027985        0.012144        0.011687        0.011200
  0.0800    6.31E-04       -0.016350        0.006486        0.006020        0.005352
  0.0800    6.25E-04       -0.005204        0.001061        0.000590       -0.000120
  0.0800    6.19E-04        0.005485       -0.004148       -0.004618       -0.005253
  0.0800    6.13E-04        0.015747       -0.009154       -0.009619       -0.010078
  0.0800    6.08E-04        0.025608       -0.013969       -0.014426       -0.014623
  0.0800    6.03E-04        0.035095       -0.018606       -0.019052       -0.018912
  0.0800    5.98E-04        0.044230       -0.023075       -0.023508       -0.022968
  0.0800    5.93E-04        0.053035       -0.027386       -0.027803       -0.026812
  0.0800    1.07E-03       -0.016356        0.000306        0.000605       -0.004206
  0.0800    8.06E-04       -0.008633       -0.001530       -0.001616       -0.006784
  0.0800    6.01E-04       -0.001474       -0.003394       -0.003697       -0.009069
  0.0800    4.47E-04        0.005179       -0.005266       -0.005651       -0.011105
  0.0800    3.34E-04        0.011378       -0.007132       -0.007491       -0.012926
  0.0800    2.57E-04        0.017166       -0.008980       -0.009228       -0.014561
  0.0800    2.09E-04        0.022583       -0.010802       -0.010872       -0.016036
  0.0800    1.86E-04        0.027664       -0.012593       -0.012430       -0.017372
  0.0800    1.85E-04        0.032439       -0.014347       -0.013910       -0.018587
  0.0800    2.01E-04        0.036936       -0.016062       -0.015319       -0.019695
  0.0800    2.34E-04        0.041179       -0.017737       -0.016663       -0.020711
  0.0800    7.98E-04       -0.016184        0.004500        0.003845        0.004278
  0.0800    7.53E-04       -0.007067        0.000356       -0.000367       -0.000044
  0.0800    7.11E-04        0.001573       -0.003595       -0.004363       -0.003992
  0.0800    6.73E-04        0.009774       -0.007366       -0.008161       -0.007609
  0.0800    6.38E-04        0.017570       -0.010970       -0.011777       -0.010932
  0.0800    6.05E-04        0.024993       -0.014419       -0.015224       -0.013994
  0.0800    5.75E-04        0.032070       -0.017722       -0.018515       -0.016822
  0.0800    5.47E-04        0.038828       -0.020889       -0.021662       -0.019443
  0.0800    5.21E-04        0.045288       -0.023930       -0.024674       -0.021876
  0.0800    4.97E-04        0.051473       -0.026853       -0.027562       -0.024143
  0.0800    4.75E-04        0.057402       -0.029665       -0.030333       -0.026260
  0.0800    2.93E-04       -0.042791        0.018311        0.018202        0.020279
  0.0800    2.09E-04       -0.031894        0.014305        0.013935        0.015341
  0.0800    1.56E-04       -0.021601        0.010422        0.009884        0.010828
  0.0800    1.29E-04       -0.011864        0.006658        0.006034        0.006691
  0.0800    1.26E-04       -0.002637        0.003014        0.002368        0.002888
  0.0800    1.43E-04        0.006117       -0.000516       -0.001127       -0.000618
  0.0800    1.77E-04        0.014436       -0.003932       -0.004464       -0.003860
  0.0800    2.28E-04        0.022353       -0.007240       -0.007655       -0.006865
  0.0800    2.93E-04        0.029896       -0.010443       -0.010709       -0.009658
  0.0800    3.70E-04        0.037093       -0.013545       -0.013637       -0.012261
  0.0800    4.58E-04        0.043968       -0.016549       -0.016446       -0.014694
