psiG_noise, 1-overlap_FN1  gradient_FN1_1  gradient_FN1_2  gradient_FN1_3      W_der_by_W
  0.2000    3.49E-03       -0.197668        0.049883        0.064226        0.086466
  0.2000    2.27E-03        0.043240       -0.025606       -0.027836       -0.036235
  0.2000    4.29E-03       -0.065141        0.016155        0.012910        0.016753
  0.2000    1.66E-03       -0.243728        0.096528        0.099675        0.149127
  0.2000    3.46E-03       -0.160144        0.061131        0.057344        0.078150
  0.2000    2.94E-03        0.049211       -0.016796       -0.018957       -0.019316
  0.2000    4.18E-03        0.025972       -0.015714       -0.018740       -0.019747
  0.2000    1.37E-03        0.048361       -0.020704       -0.025589       -0.014067
  0.2000    2.15E-03        0.098780       -0.050959       -0.054885       -0.041807
  0.2000    2.04E-03        0.059420       -0.020872       -0.023482       -0.018431
