Calculate fraction of energy missing in VMC that is recovered by FN-PMC and 1 minus the overlap of Psi_FN*Psi_G with Psi_0*Psi_G
--------------------------------------------------------------------------------------------------------------------------
                                                                                   1 -      1 -      1 -                  
 E_G        E_FN1     E_FN3     E_FN4     E_0       rec_FN1   rec_FN3   rec_FN4   ovlp_FN1 ovlp_FN3 ovlp_FN4 sign_cond_num
--------------------------------------------------------------------------------------------------------------------------
 -1.145048 -1.150185 -1.150073 -1.150227 -1.153737     0.591     0.578     0.596   7.9E-04  8.1E-04  7.7E-04  0.926
 -1.145599 -1.150472 -1.150370 -1.150501 -1.153737     0.599     0.586     0.602   6.1E-04  6.2E-04  6.0E-04  0.925
 -1.146065 -1.150700 -1.150606 -1.150716 -1.153737     0.604     0.592     0.606   5.0E-04  5.1E-04  5.1E-04  0.924
 -1.146447 -1.150875 -1.150789 -1.150880 -1.153737     0.607     0.596     0.608   4.6E-04  4.7E-04  4.8E-04  0.923
 -1.146745 -1.151003 -1.150924 -1.150998 -1.153737     0.609     0.598     0.608   4.6E-04  4.8E-04  4.9E-04  0.922
 -1.146959 -1.151090 -1.151017 -1.151076 -1.153737     0.609     0.599     0.607   5.2E-04  5.3E-04  5.5E-04  0.921
 -1.147090 -1.151141 -1.151073 -1.151119 -1.153737     0.609     0.599     0.606   6.0E-04  6.2E-04  6.4E-04  0.919
 -1.147138 -1.151159 -1.151095 -1.151129 -1.153737     0.609     0.600     0.605   7.2E-04  7.4E-04  7.6E-04  0.918
 -1.147105 -1.151148 -1.151087 -1.151112 -1.153737     0.610     0.600     0.604   8.6E-04  8.8E-04  9.1E-04  0.917
 -1.146991 -1.151112 -1.151053 -1.151069 -1.153737     0.611     0.602     0.605   1.0E-03  1.0E-03  1.1E-03  0.916
 -1.146797 -1.151053 -1.150995 -1.151003 -1.153737     0.613     0.605     0.606   1.2E-03  1.2E-03  1.2E-03  0.915
 -1.270430 -1.273699 -1.273616 -1.273731 -1.275242     0.679     0.662     0.686   4.3E-04  4.5E-04  4.5E-04  0.937
 -1.270857 -1.273765 -1.273683 -1.273792 -1.275242     0.663     0.644     0.669   4.1E-04  4.3E-04  4.2E-04  0.937
 -1.271179 -1.273822 -1.273739 -1.273846 -1.275242     0.651     0.630     0.656   3.9E-04  4.1E-04  4.0E-04  0.937
 -1.271399 -1.273872 -1.273787 -1.273892 -1.275242     0.644     0.621     0.649   3.7E-04  3.9E-04  3.8E-04  0.937
 -1.271517 -1.273915 -1.273826 -1.273931 -1.275242     0.644     0.620     0.648   3.5E-04  3.7E-04  3.6E-04  0.937
 -1.271538 -1.273951 -1.273857 -1.273964 -1.275242     0.652     0.626     0.655   3.4E-04  3.5E-04  3.5E-04  0.937
 -1.271461 -1.273982 -1.273881 -1.273991 -1.275242     0.667     0.640     0.669   3.2E-04  3.3E-04  3.3E-04  0.937
 -1.271292 -1.274006 -1.273898 -1.274013 -1.275242     0.687     0.660     0.689   3.1E-04  3.2E-04  3.2E-04  0.938
 -1.271030 -1.274026 -1.273910 -1.274030 -1.275242     0.711     0.684     0.712   2.9E-04  3.1E-04  3.0E-04  0.938
 -1.270680 -1.274040 -1.273915 -1.274042 -1.275242     0.737     0.709     0.737   2.8E-04  2.9E-04  2.9E-04  0.938
 -1.270243 -1.274050 -1.273915 -1.274049 -1.275242     0.762     0.735     0.761   2.7E-04  2.8E-04  2.8E-04  0.938
 -1.084907 -1.088823 -1.088733 -1.088883 -1.090220     0.737     0.720     0.748   9.3E-04  9.4E-04  8.5E-04  0.946
 -1.085195 -1.088970 -1.088882 -1.089026 -1.090220     0.751     0.734     0.762   7.2E-04  7.3E-04  6.4E-04  0.945
 -1.085415 -1.089081 -1.088996 -1.089135 -1.090220     0.763     0.745     0.774   5.6E-04  5.7E-04  4.9E-04  0.945
 -1.085567 -1.089162 -1.089078 -1.089213 -1.090220     0.773     0.755     0.784   4.6E-04  4.7E-04  3.9E-04  0.944
 -1.085652 -1.089217 -1.089133 -1.089265 -1.090220     0.780     0.762     0.791   4.0E-04  4.1E-04  3.3E-04  0.943
 -1.085669 -1.089248 -1.089166 -1.089295 -1.090220     0.787     0.768     0.797   3.7E-04  3.8E-04  3.1E-04  0.943
 -1.085619 -1.089261 -1.089178 -1.089306 -1.090220     0.792     0.774     0.801   3.7E-04  3.8E-04  3.1E-04  0.942
 -1.085503 -1.089256 -1.089173 -1.089300 -1.090220     0.796     0.778     0.805   4.0E-04  4.0E-04  3.3E-04  0.942
 -1.085322 -1.089236 -1.089152 -1.089279 -1.090220     0.799     0.782     0.808   4.4E-04  4.5E-04  3.7E-04  0.941
 -1.085075 -1.089204 -1.089118 -1.089245 -1.090220     0.802     0.786     0.811   5.0E-04  5.0E-04  4.3E-04  0.940
 -1.084765 -1.089160 -1.089073 -1.089201 -1.090220     0.806     0.790     0.813   5.7E-04  5.7E-04  5.0E-04  0.940
 -1.279671 -1.286245 -1.286066 -1.286419 -1.288178     0.773     0.752     0.793   4.2E-04  4.5E-04  3.9E-04  0.920
 -1.280471 -1.286440 -1.286276 -1.286590 -1.288178     0.775     0.753     0.794   3.0E-04  3.2E-04  2.8E-04  0.918
 -1.281165 -1.286572 -1.286422 -1.286699 -1.288178     0.771     0.750     0.789   2.2E-04  2.4E-04  2.1E-04  0.917
 -1.281754 -1.286649 -1.286511 -1.286756 -1.288178     0.762     0.741     0.779   1.9E-04  2.1E-04  1.9E-04  0.916
 -1.282240 -1.286677 -1.286551 -1.286765 -1.288178     0.747     0.726     0.762   2.0E-04  2.2E-04  2.0E-04  0.915
 -1.282621 -1.286662 -1.286546 -1.286733 -1.288178     0.727     0.706     0.740   2.4E-04  2.6E-04  2.4E-04  0.913
 -1.282900 -1.286610 -1.286503 -1.286664 -1.288178     0.703     0.683     0.713   3.0E-04  3.2E-04  3.0E-04  0.912
 -1.283076 -1.286524 -1.286425 -1.286562 -1.288178     0.676     0.656     0.683   3.8E-04  4.1E-04  3.8E-04  0.911
 -1.283152 -1.286408 -1.286315 -1.286432 -1.288178     0.648     0.629     0.653   4.8E-04  5.1E-04  4.8E-04  0.909
 -1.283127 -1.286266 -1.286178 -1.286276 -1.288178     0.621     0.604     0.623   6.0E-04  6.3E-04  6.0E-04  0.908
 -1.283003 -1.286100 -1.286017 -1.286097 -1.288178     0.598     0.582     0.598   7.3E-04  7.6E-04  7.2E-04  0.907
 -1.170469 -1.175378 -1.175274 -1.175458 -1.176356     0.834     0.816     0.848   7.8E-04  7.9E-04  7.2E-04  0.908
 -1.171011 -1.175543 -1.175449 -1.175603 -1.176356     0.848     0.830     0.859   4.8E-04  4.8E-04  4.4E-04  0.906
 -1.171465 -1.175664 -1.175579 -1.175704 -1.176356     0.859     0.841     0.867   2.6E-04  2.7E-04  2.4E-04  0.904
 -1.171832 -1.175745 -1.175667 -1.175767 -1.176356     0.865     0.848     0.870   1.3E-04  1.4E-04  1.3E-04  0.902
 -1.172113 -1.175790 -1.175719 -1.175794 -1.176356     0.867     0.850     0.868   7.6E-05  8.3E-05  8.6E-05  0.900
 -1.172308 -1.175802 -1.175737 -1.175789 -1.176356     0.863     0.847     0.860   8.2E-05  9.0E-05  1.0E-04  0.898
 -1.172418 -1.175785 -1.175724 -1.175756 -1.176356     0.855     0.840     0.848   1.4E-04  1.5E-04  1.7E-04  0.896
 -1.172443 -1.175741 -1.175684 -1.175696 -1.176356     0.843     0.828     0.832   2.6E-04  2.6E-04  2.9E-04  0.894
 -1.172384 -1.175673 -1.175619 -1.175614 -1.176356     0.828     0.814     0.813   4.1E-04  4.2E-04  4.5E-04  0.892
 -1.172242 -1.175584 -1.175531 -1.175510 -1.176356     0.812     0.799     0.794   6.0E-04  6.1E-04  6.4E-04  0.891
 -1.172018 -1.175474 -1.175422 -1.175386 -1.176356     0.797     0.785     0.777   8.3E-04  8.4E-04  8.7E-04  0.889
 -1.263016 -1.270558 -1.270353 -1.270699 -1.272416     0.802     0.781     0.817   2.5E-04  2.8E-04  2.2E-04  0.912
 -1.263556 -1.270595 -1.270396 -1.270742 -1.272416     0.795     0.772     0.811   2.5E-04  2.8E-04  2.2E-04  0.912
 -1.263991 -1.270610 -1.270415 -1.270763 -1.272416     0.786     0.763     0.804   2.6E-04  2.9E-04  2.2E-04  0.912
 -1.264321 -1.270607 -1.270416 -1.270767 -1.272416     0.777     0.753     0.796   2.6E-04  2.9E-04  2.2E-04  0.912
 -1.264546 -1.270590 -1.270401 -1.270757 -1.272416     0.768     0.744     0.789   2.7E-04  3.0E-04  2.3E-04  0.912
 -1.264669 -1.270561 -1.270373 -1.270735 -1.272416     0.761     0.736     0.783   2.8E-04  3.1E-04  2.4E-04  0.912
 -1.264689 -1.270521 -1.270334 -1.270703 -1.272416     0.755     0.731     0.778   2.9E-04  3.2E-04  2.5E-04  0.912
 -1.264608 -1.270472 -1.270286 -1.270662 -1.272416     0.751     0.727     0.775   3.0E-04  3.3E-04  2.6E-04  0.912
 -1.264426 -1.270416 -1.270230 -1.270614 -1.272416     0.750     0.726     0.775   3.1E-04  3.4E-04  2.7E-04  0.912
 -1.264146 -1.270354 -1.270167 -1.270560 -1.272416     0.751     0.728     0.776   3.2E-04  3.5E-04  2.8E-04  0.912
 -1.263767 -1.270286 -1.270099 -1.270500 -1.272416     0.754     0.732     0.779   3.3E-04  3.6E-04  2.9E-04  0.912
 -1.277708 -1.281024 -1.280952 -1.280865 -1.284364     0.498     0.487     0.474   6.5E-04  6.8E-04  6.6E-04  0.912
 -1.278186 -1.281072 -1.281006 -1.280924 -1.284364     0.467     0.456     0.443   6.4E-04  6.7E-04  6.6E-04  0.913
 -1.278545 -1.281117 -1.281054 -1.280979 -1.284364     0.442     0.431     0.418   6.4E-04  6.6E-04  6.5E-04  0.913
 -1.278788 -1.281157 -1.281097 -1.281032 -1.284364     0.425     0.414     0.402   6.3E-04  6.5E-04  6.4E-04  0.913
 -1.278918 -1.281195 -1.281136 -1.281080 -1.284364     0.418     0.407     0.397   6.2E-04  6.5E-04  6.3E-04  0.914
 -1.278938 -1.281229 -1.281170 -1.281127 -1.284364     0.422     0.411     0.403   6.2E-04  6.4E-04  6.3E-04  0.914
 -1.278851 -1.281261 -1.281200 -1.281170 -1.284364     0.437     0.426     0.421   6.1E-04  6.3E-04  6.2E-04  0.914
 -1.278660 -1.281290 -1.281226 -1.281211 -1.284364     0.461     0.450     0.447   6.1E-04  6.3E-04  6.2E-04  0.915
 -1.278370 -1.281317 -1.281249 -1.281249 -1.284364     0.492     0.480     0.480   6.0E-04  6.2E-04  6.1E-04  0.915
 -1.277981 -1.281341 -1.281269 -1.281285 -1.284364     0.526     0.515     0.518   6.0E-04  6.2E-04  6.0E-04  0.915
 -1.277499 -1.281363 -1.281285 -1.281319 -1.284364     0.563     0.552     0.557   5.9E-04  6.1E-04  6.0E-04  0.915
 -1.081419 -1.083394 -1.083249 -1.083520 -1.085149     0.530     0.491     0.563   1.1E-03  1.1E-03  9.8E-04  0.943
 -1.081537 -1.083529 -1.083377 -1.083656 -1.085149     0.552     0.509     0.587   8.1E-04  8.6E-04  7.3E-04  0.943
 -1.081588 -1.083630 -1.083470 -1.083759 -1.085149     0.573     0.528     0.609   6.0E-04  6.5E-04  5.3E-04  0.942
 -1.081575 -1.083701 -1.083533 -1.083831 -1.085149     0.595     0.548     0.631   4.5E-04  5.0E-04  3.8E-04  0.941
 -1.081496 -1.083745 -1.083569 -1.083878 -1.085149     0.616     0.568     0.652   3.3E-04  3.9E-04  2.8E-04  0.940
 -1.081353 -1.083766 -1.083582 -1.083901 -1.085149     0.636     0.587     0.671   2.6E-04  3.1E-04  2.0E-04  0.940
 -1.081146 -1.083766 -1.083574 -1.083904 -1.085149     0.655     0.607     0.689   2.1E-04  2.6E-04  1.6E-04  0.939
 -1.080876 -1.083749 -1.083548 -1.083890 -1.085149     0.672     0.625     0.705   1.9E-04  2.4E-04  1.4E-04  0.938
 -1.080544 -1.083715 -1.083506 -1.083859 -1.085149     0.689     0.643     0.720   1.8E-04  2.3E-04  1.4E-04  0.937
 -1.080150 -1.083667 -1.083449 -1.083814 -1.085149     0.703     0.660     0.733   2.0E-04  2.5E-04  1.6E-04  0.937
 -1.079696 -1.083606 -1.083380 -1.083757 -1.085149     0.717     0.675     0.745   2.3E-04  2.8E-04  1.9E-04  0.936
 -1.158414 -1.160778 -1.160738 -1.160632 -1.162326     0.604     0.594     0.567   8.0E-04  8.1E-04  8.7E-04  0.940
 -1.158547 -1.160855 -1.160815 -1.160701 -1.162326     0.611     0.600     0.570   7.5E-04  7.6E-04  8.3E-04  0.940
 -1.158592 -1.160925 -1.160883 -1.160762 -1.162326     0.625     0.614     0.581   7.1E-04  7.2E-04  7.8E-04  0.940
 -1.158550 -1.160988 -1.160943 -1.160816 -1.162326     0.646     0.634     0.600   6.7E-04  6.8E-04  7.4E-04  0.940
 -1.158422 -1.161044 -1.160996 -1.160865 -1.162326     0.672     0.659     0.626   6.4E-04  6.4E-04  7.1E-04  0.941
 -1.158211 -1.161094 -1.161042 -1.160907 -1.162326     0.701     0.688     0.655   6.1E-04  6.1E-04  6.7E-04  0.941
 -1.157919 -1.161139 -1.161083 -1.160945 -1.162326     0.731     0.718     0.687   5.8E-04  5.8E-04  6.4E-04  0.941
 -1.157548 -1.161179 -1.161118 -1.160978 -1.162326     0.760     0.747     0.718   5.5E-04  5.5E-04  6.1E-04  0.941
 -1.157100 -1.161214 -1.161148 -1.161007 -1.162326     0.787     0.775     0.748   5.2E-04  5.2E-04  5.9E-04  0.941
 -1.156577 -1.161246 -1.161173 -1.161031 -1.162326     0.812     0.799     0.775   5.0E-04  5.0E-04  5.6E-04  0.941
 -1.155981 -1.161274 -1.161194 -1.161053 -1.162326     0.834     0.822     0.799   4.7E-04  4.8E-04  5.4E-04  0.941
 -1.171755 -1.174124 -1.174072 -1.174282 -1.174772     0.785     0.768     0.837   2.9E-04  3.0E-04  2.7E-04  0.914
 -1.172124 -1.174176 -1.174130 -1.174318 -1.174772     0.775     0.758     0.829   2.1E-04  2.2E-04  1.9E-04  0.913
 -1.172395 -1.174202 -1.174161 -1.174330 -1.174772     0.760     0.743     0.814   1.6E-04  1.6E-04  1.4E-04  0.912
 -1.172572 -1.174205 -1.174166 -1.174318 -1.174772     0.742     0.725     0.794   1.3E-04  1.3E-04  1.1E-04  0.911
 -1.172654 -1.174186 -1.174150 -1.174286 -1.174772     0.723     0.706     0.770   1.3E-04  1.3E-04  1.1E-04  0.910
 -1.172643 -1.174148 -1.174113 -1.174236 -1.174772     0.707     0.690     0.748   1.4E-04  1.5E-04  1.2E-04  0.909
 -1.172542 -1.174093 -1.174058 -1.174168 -1.174772     0.695     0.680     0.729   1.8E-04  1.8E-04  1.5E-04  0.908
 -1.172351 -1.174023 -1.173987 -1.174086 -1.174772     0.691     0.676     0.717   2.3E-04  2.4E-04  2.0E-04  0.907
 -1.172073 -1.173939 -1.173901 -1.173991 -1.174772     0.691     0.677     0.711   2.9E-04  3.0E-04  2.6E-04  0.906
 -1.171708 -1.173843 -1.173802 -1.173884 -1.174772     0.697     0.683     0.710   3.7E-04  3.8E-04  3.4E-04  0.905
 -1.171260 -1.173736 -1.173691 -1.173766 -1.174772     0.705     0.692     0.713   4.6E-04  4.7E-04  4.2E-04  0.904
