psiG_noise, 1-overlap_FN1  gradient_FN1_1  gradient_FN1_2  gradient_FN1_3      W_der_by_W
  0.0100    6.04E-04       -0.050892        0.012786        0.015096        0.017242
  0.0100    3.56E-04       -0.039643        0.010422        0.011806        0.013121
  0.0100    1.85E-04       -0.029191        0.007988        0.008723        0.009447
  0.0100    7.70E-05       -0.019459        0.005513        0.005826        0.006157
  0.0100    2.24E-05       -0.010376        0.003024        0.003099        0.003200
  0.0100    1.20E-05       -0.001882        0.000539        0.000524        0.000532
  0.0100    3.89E-05        0.006079       -0.001928       -0.001910       -0.001884
  0.0100    9.70E-05        0.013554       -0.004366       -0.004217       -0.004082
  0.0100    1.82E-04        0.020586       -0.006767       -0.006408       -0.006089
  0.0100    2.88E-04        0.027214       -0.009125       -0.008492       -0.007927
  0.0100    4.14E-04        0.033473       -0.011435       -0.010477       -0.009618
  0.0100    2.28E-05       -0.058082        0.027492        0.027626        0.029870
  0.0100    1.81E-05       -0.045155        0.021366        0.021447        0.022816
  0.0100    1.41E-05       -0.032851        0.015521        0.015564        0.016300
  0.0100    1.08E-05       -0.021124        0.009938        0.009955        0.010269
  0.0100    8.19E-06       -0.009932        0.004599        0.004600        0.004673
  0.0100    6.17E-06        0.000763       -0.000512       -0.000518       -0.000532
  0.0100    4.71E-06        0.010994       -0.005412       -0.005417       -0.005384
  0.0100    3.76E-06        0.020794       -0.010113       -0.010110       -0.009918
  0.0100    3.29E-06        0.030191       -0.014629       -0.014612       -0.014163
  0.0100    3.25E-06        0.039213       -0.018971       -0.018936       -0.018148
  0.0100    3.62E-06        0.047883       -0.023150       -0.023092       -0.021895
  0.0100    5.07E-04       -0.041579        0.011921        0.013790        0.016163
  0.0100    3.02E-04       -0.031644        0.009443        0.010506        0.011858
  0.0100    1.60E-04       -0.022583        0.006956        0.007481        0.008149
  0.0100    6.99E-05       -0.014288        0.004489        0.004684        0.004934
  0.0100    2.04E-05       -0.006668        0.002062        0.002090        0.002132
  0.0100    4.10E-06        0.000357       -0.000312       -0.000325       -0.000324
  0.0100    1.49E-05        0.006851       -0.002623       -0.002580       -0.002488
  0.0100    4.78E-05        0.012873       -0.004866       -0.004692       -0.004404
  0.0100    9.88E-05        0.018473       -0.007038       -0.006675       -0.006108
  0.0100    1.65E-04        0.023694       -0.009138       -0.008541       -0.007632
  0.0100    2.43E-04        0.028574       -0.011165       -0.010302       -0.008999
  0.0100    4.37E-04       -0.069328        0.020666        0.023270        0.026587
  0.0100    2.58E-04       -0.054372        0.016979        0.018530        0.020560
  0.0100    1.33E-04       -0.040476        0.013279        0.014095        0.015212
  0.0100    5.39E-05       -0.027535        0.009596        0.009935        0.010448
  0.0100    1.29E-05       -0.015454        0.005952        0.006023        0.006187
  0.0100    3.99E-06       -0.004151        0.002362        0.002337        0.002361
  0.0100    2.21E-05        0.006445       -0.001161       -0.001144       -0.001088
  0.0100    6.31E-05        0.016400       -0.004610       -0.004439       -0.004208
  0.0100    1.24E-04        0.025770       -0.007979       -0.007563       -0.007041
  0.0100    2.01E-04        0.034606       -0.011264       -0.010530       -0.009624
  0.0100    2.92E-04        0.042953       -0.014464       -0.013354       -0.011987
  0.0100    8.55E-04       -0.050570        0.014960        0.016450        0.017887
  0.0100    5.19E-04       -0.039778        0.012179        0.013069        0.013961
  0.0100    2.76E-04       -0.029538        0.009367        0.009831        0.010323
  0.0100    1.15E-04       -0.019812        0.006541        0.006726        0.006947
  0.0100    2.67E-05       -0.010564        0.003715        0.003746        0.003806
  0.0100    1.43E-06       -0.001761        0.000899        0.000882        0.000880
  0.0100    3.19E-05        0.006626       -0.001897       -0.001872       -0.001851
  0.0100    1.12E-04        0.014625       -0.004666       -0.004523       -0.004405
  0.0100    2.35E-04        0.022263       -0.007402       -0.007078       -0.006799
  0.0100    3.96E-04        0.029562       -0.010101       -0.009541       -0.009047
  0.0100    5.92E-04        0.036545       -0.012758       -0.011920       -0.011162
  0.0100    3.21E-05       -0.071760        0.030595        0.032016        0.042502
  0.0100    1.84E-05       -0.053753        0.023250        0.024045        0.029927
  0.0100    9.98E-06       -0.037983        0.016668        0.017062        0.019997
  0.0100    5.39E-06       -0.024058        0.010738        0.010893        0.012067
  0.0100    3.60E-06       -0.011671        0.005371        0.005404        0.005673
  0.0100    3.89E-06       -0.000580        0.000491        0.000487        0.000473
  0.0100    5.74E-06        0.009410       -0.003963       -0.003945       -0.003787
  0.0100    8.74E-06        0.018458       -0.008047       -0.007960       -0.007302
  0.0100    1.26E-05        0.026694       -0.011803       -0.011617       -0.010219
  0.0100    1.72E-05        0.034223       -0.015271       -0.014962       -0.012653
  0.0100    2.23E-05        0.041137       -0.018484       -0.018035       -0.014695
  0.0100    1.65E-05       -0.058515        0.028729        0.028760        0.030547
  0.0100    1.55E-05       -0.045518        0.022322        0.022339        0.023406
  0.0100    1.45E-05       -0.033107        0.016200        0.016207        0.016759
  0.0100    1.36E-05       -0.021239        0.010342        0.010342        0.010560
  0.0100    1.28E-05       -0.009878        0.004730        0.004726        0.004764
  0.0100    1.22E-05        0.001010       -0.000651       -0.000656       -0.000665
  0.0100    1.16E-05        0.011456       -0.005816       -0.005821       -0.005762
  0.0100    1.10E-05        0.021490       -0.010780       -0.010783       -0.010557
  0.0100    1.06E-05        0.031136       -0.015555       -0.015554       -0.015077
  0.0100    1.02E-05        0.040420       -0.020153       -0.020147       -0.019347
  0.0100    9.85E-06        0.049364       -0.024585       -0.024572       -0.023388
  0.0100    5.27E-04       -0.037385        0.009810        0.011432        0.013208
  0.0100    3.21E-04       -0.028161        0.007586        0.008521        0.009528
  0.0100    1.75E-04       -0.019647        0.005341        0.005809        0.006291
  0.0100    7.94E-05       -0.011765        0.003098        0.003276        0.003430
  0.0100    2.41E-05       -0.004450        0.000874        0.000904        0.000889
  0.0100    2.41E-06        0.002356       -0.001319       -0.001325       -0.001376
  0.0100    8.65E-06        0.008705       -0.003471       -0.003422       -0.003405
  0.0100    3.81E-05        0.014640       -0.005577       -0.005402       -0.005230
  0.0100    8.70E-05        0.020201       -0.007632       -0.007274       -0.006879
  0.0100    1.52E-04        0.025423       -0.009633       -0.009047       -0.008374
  0.0100    2.31E-04        0.030335       -0.011580       -0.010732       -0.009736
  0.0100    3.70E-05       -0.043074        0.020452        0.020576        0.022467
  0.0100    3.01E-05       -0.032731        0.015500        0.015572        0.016648
  0.0100    2.43E-05       -0.022960        0.010806        0.010841        0.011360
  0.0100    1.94E-05       -0.013716        0.006352        0.006361        0.006540
  0.0100    1.53E-05       -0.004953        0.002117        0.002112        0.002133
  0.0100    1.20E-05        0.003365       -0.001914       -0.001925       -0.001906
  0.0100    9.35E-06        0.011274       -0.005757       -0.005767       -0.005619
  0.0100    7.29E-06        0.018806       -0.009425       -0.009428       -0.009041
  0.0100    5.77E-06        0.025987       -0.012930       -0.012921       -0.012203
  0.0100    4.73E-06        0.032845       -0.016285       -0.016259       -0.015132
  0.0100    4.13E-06        0.039402       -0.019499       -0.019454       -0.017853
  0.0100    2.83E-04       -0.047787        0.017957        0.018782        0.020538
  0.0100    1.71E-04       -0.036993        0.014140        0.014625        0.015679
  0.0100    9.04E-05       -0.026783        0.010428        0.010674        0.011231
  0.0100    3.75E-05       -0.017110        0.006821        0.006914        0.007146
  0.0100    9.01E-06       -0.007934        0.003318        0.003330        0.003387
  0.0100    1.99E-06        0.000783       -0.000082       -0.000091       -0.000084
  0.0100    1.40E-05        0.009075       -0.003382       -0.003360       -0.003295
  0.0100    4.28E-05        0.016974       -0.006583       -0.006489       -0.006274
  0.0100    8.66E-05        0.024506       -0.009689       -0.009486       -0.009045
  0.0100    1.44E-04        0.031699       -0.012702       -0.012361       -0.011629
  0.0100    2.13E-04        0.038576       -0.015626       -0.015122       -0.014044
