Calculate fraction of energy missing in VMC that is recovered by FN-PMC and 1 minus the overlap of Psi_FN*Psi_G with Psi_0*Psi_G
--------------------------------------------------------------------------------------------------------------------------
                                                                                   1 -      1 -      1 -                  
 E_G        E_FN1     E_FN3     E_FN4     E_0       rec_FN1   rec_FN3   rec_FN4   ovlp_FN1 ovlp_FN3 ovlp_FN4 sign_cond_num
--------------------------------------------------------------------------------------------------------------------------
 -2.369121 -2.370229 -2.370174 -2.370229 -2.370229     1.000     0.951     1.000   0.0E+00  4.5E-07  0.0E+00  1.000
 -1.864753 -1.865285 -1.865261 -1.865285 -1.865285     1.000     0.954     1.000   0.0E+00  1.5E-07 -2.2E-16  1.000
 -2.301626 -2.302216 -2.302185 -2.302216 -2.302216     1.000     0.948     1.000   0.0E+00  2.0E-07 -2.2E-16  1.000
 -2.612671 -2.613684 -2.613628 -2.613684 -2.613684     1.000     0.945     1.000   0.0E+00  4.0E-07  0.0E+00  1.000
 -2.403381 -2.404036 -2.404005 -2.404036 -2.404036     1.000     0.952     1.000   0.0E+00  2.0E-07  0.0E+00  1.000
 -2.201015 -2.201949 -2.201909 -2.201949 -2.201949     1.000     0.957     1.000   0.0E+00  2.4E-07  0.0E+00  1.000
 -2.107984 -2.108467 -2.108445 -2.108467 -2.108467     1.000     0.955     1.000   0.0E+00  9.8E-08  0.0E+00  1.000
 -2.183671 -2.184104 -2.184076 -2.184104 -2.184104     1.000     0.936     1.000   0.0E+00  6.5E-08  1.1E-16  1.000
 -2.113681 -2.114152 -2.114132 -2.114152 -2.114152     1.000     0.957     1.000   0.0E+00  1.5E-07  2.2E-16  1.000
 -2.390696 -2.391173 -2.391151 -2.391173 -2.391173     1.000     0.954     1.000   0.0E+00  1.8E-07  0.0E+00  1.000
