psiG_noise, 1-overlap_FN1  gradient_FN1_1  gradient_FN1_2  gradient_FN1_3      W_der_by_W
  0.2000   -2.22E-16       -0.516975        0.258487        0.258487        0.305714
  0.2000    0.00E+00        0.120565       -0.060282       -0.060282       -0.081032
  0.2000   -4.44E-16       -0.325845        0.162922        0.162922        0.198823
  0.2000   -2.22E-16       -0.321445        0.160723        0.160723        0.171503
  0.2000   -2.22E-16       -0.494182        0.247091        0.247091        0.305675
  0.2000    0.00E+00        0.313968       -0.156984       -0.156984       -0.197284
  0.2000    0.00E+00       -0.001444        0.000722        0.000722       -0.005793
  0.2000    2.22E-16        0.055426       -0.027713       -0.027713       -0.034669
  0.2000    0.00E+00        0.121614       -0.060807       -0.060807       -0.064425
  0.2000    1.11E-16        0.341710       -0.170855       -0.170855       -0.168240
