psiG_noise, 1-overlap_FN1  gradient_FN1_1  gradient_FN1_2  gradient_FN1_3      W_der_by_W
  0.0200    4.96E-05       -0.012150        0.003450        0.003511        0.003656
  0.0200    2.26E-05        0.005535       -0.002960       -0.002987       -0.003044
  0.0200    3.09E-05       -0.005302        0.001436        0.001401        0.001405
  0.0200    1.52E-05       -0.016815        0.007472        0.007445        0.007670
  0.0200    2.41E-05       -0.011889        0.004510        0.004485        0.004555
  0.0200    1.81E-05        0.007339       -0.002801       -0.002807       -0.002765
  0.0200    4.61E-05        0.004279       -0.002431       -0.002456       -0.002483
  0.0200    6.13E-06        0.007041       -0.003391       -0.003397       -0.003600
  0.0200    4.14E-05        0.013007       -0.006870       -0.006916       -0.006696
  0.0200    1.50E-05        0.006656       -0.002189       -0.002209       -0.002151
