Calculate fraction of energy missing in VMC that is recovered by FN-PMC and 1 minus the overlap of Psi_FN*Psi_G with Psi_0*Psi_G
--------------------------------------------------------------------------------------------------------------------------
                                                                                   1 -      1 -      1 -                  
 E_G        E_FN1     E_FN3     E_FN4     E_0       rec_FN1   rec_FN3   rec_FN4   ovlp_FN1 ovlp_FN3 ovlp_FN4 sign_cond_num
--------------------------------------------------------------------------------------------------------------------------
 -1.152513 -1.153143 -1.153130 -1.153220 -1.153737     0.515     0.504     0.578   6.0E-04  6.1E-04  5.6E-04  0.933
 -1.152903 -1.153346 -1.153337 -1.153408 -1.153737     0.532     0.520     0.606   3.6E-04  3.6E-04  3.3E-04  0.932
 -1.153209 -1.153496 -1.153490 -1.153544 -1.153737     0.544     0.532     0.634   1.8E-04  1.9E-04  1.7E-04  0.930
 -1.153433 -1.153599 -1.153595 -1.153634 -1.153737     0.547     0.534     0.662   7.7E-05  7.8E-05  6.9E-05  0.929
 -1.153574 -1.153661 -1.153659 -1.153684 -1.153737     0.533     0.520     0.674   2.2E-05  2.3E-05  2.2E-05  0.928
 -1.153634 -1.153686 -1.153685 -1.153698 -1.153737     0.506     0.494     0.621   1.2E-05  1.2E-05  1.7E-05  0.927
 -1.153612 -1.153679 -1.153678 -1.153680 -1.153737     0.532     0.524     0.544   3.9E-05  3.9E-05  4.8E-05  0.926
 -1.153510 -1.153642 -1.153641 -1.153634 -1.153737     0.583     0.576     0.547   9.7E-05  9.8E-05  1.1E-04  0.925
 -1.153328 -1.153580 -1.153577 -1.153563 -1.153737     0.617     0.609     0.574   1.8E-04  1.8E-04  2.0E-04  0.923
 -1.153068 -1.153495 -1.153490 -1.153469 -1.153737     0.639     0.631     0.600   2.9E-04  2.9E-04  3.0E-04  0.922
 -1.152729 -1.153390 -1.153382 -1.153355 -1.153737     0.656     0.648     0.621   4.1E-04  4.2E-04  4.3E-04  0.921
 -1.273862 -1.275143 -1.275125 -1.275165 -1.275242     0.928     0.915     0.944   2.3E-05  2.5E-05  3.9E-05  0.941
 -1.274349 -1.275170 -1.275159 -1.275185 -1.275242     0.919     0.907     0.937   1.8E-05  2.0E-05  3.3E-05  0.941
 -1.274722 -1.275191 -1.275184 -1.275200 -1.275242     0.901     0.889     0.920   1.4E-05  1.5E-05  2.7E-05  0.941
 -1.274983 -1.275206 -1.275203 -1.275210 -1.275242     0.859     0.848     0.876   1.1E-05  1.1E-05  2.3E-05  0.941
 -1.275135 -1.275215 -1.275214 -1.275214 -1.275242     0.752     0.739     0.742   8.2E-06  8.6E-06  1.9E-05  0.941
 -1.275180 -1.275220 -1.275219 -1.275214 -1.275242     0.651     0.629     0.554   6.2E-06  6.4E-06  1.6E-05  0.941
 -1.275121 -1.275221 -1.275218 -1.275210 -1.275242     0.825     0.802     0.736   4.7E-06  4.9E-06  1.4E-05  0.941
 -1.274961 -1.275217 -1.275212 -1.275202 -1.275242     0.912     0.892     0.857   3.8E-06  4.0E-06  1.2E-05  0.941
 -1.274703 -1.275210 -1.275200 -1.275190 -1.275242     0.940     0.923     0.904   3.3E-06  3.6E-06  1.0E-05  0.941
 -1.274349 -1.275199 -1.275184 -1.275175 -1.275242     0.951     0.935     0.925   3.3E-06  3.8E-06  9.0E-06  0.941
 -1.273901 -1.275184 -1.275164 -1.275156 -1.275242     0.957     0.942     0.936   3.6E-06  4.4E-06  8.4E-06  0.941
 -1.089306 -1.089851 -1.089841 -1.089867 -1.090220     0.596     0.586     0.614   5.1E-04  5.1E-04  4.8E-04  0.948
 -1.089613 -1.089989 -1.089982 -1.090000 -1.090220     0.619     0.608     0.638   3.0E-04  3.0E-04  2.9E-04  0.947
 -1.089850 -1.090088 -1.090083 -1.090094 -1.090220     0.642     0.630     0.660   1.6E-04  1.6E-04  1.5E-04  0.947
 -1.090019 -1.090154 -1.090151 -1.090156 -1.090220     0.672     0.657     0.685   7.0E-05  7.0E-05  6.5E-05  0.946
 -1.090118 -1.090192 -1.090190 -1.090191 -1.090220     0.724     0.704     0.716   2.0E-05  2.1E-05  1.8E-05  0.945
 -1.090148 -1.090205 -1.090204 -1.090201 -1.090220     0.798     0.773     0.743   4.1E-06  4.3E-06  3.6E-06  0.945
 -1.090111 -1.090198 -1.090196 -1.090192 -1.090220     0.802     0.783     0.741   1.5E-05  1.5E-05  1.5E-05  0.944
 -1.090006 -1.090173 -1.090170 -1.090164 -1.090220     0.782     0.768     0.740   4.8E-05  4.8E-05  4.8E-05  0.944
 -1.089835 -1.090133 -1.090129 -1.090122 -1.090220     0.774     0.763     0.745   9.9E-05  9.9E-05  9.9E-05  0.943
 -1.089598 -1.090079 -1.090073 -1.090066 -1.090220     0.774     0.764     0.753   1.6E-04  1.7E-04  1.6E-04  0.942
 -1.089295 -1.090014 -1.090005 -1.089999 -1.090220     0.777     0.768     0.761   2.4E-04  2.4E-04  2.4E-04  0.942
 -1.286522 -1.287596 -1.287573 -1.287693 -1.288178     0.648     0.635     0.707   4.4E-04  4.4E-04  4.0E-04  0.919
 -1.287055 -1.287817 -1.287801 -1.287892 -1.288178     0.678     0.664     0.745   2.6E-04  2.6E-04  2.4E-04  0.918
 -1.287477 -1.287976 -1.287966 -1.288030 -1.288178     0.712     0.697     0.789   1.3E-04  1.3E-04  1.2E-04  0.917
 -1.287789 -1.288082 -1.288075 -1.288116 -1.288178     0.752     0.735     0.840   5.4E-05  5.5E-05  5.2E-05  0.915
 -1.287992 -1.288138 -1.288135 -1.288155 -1.288178     0.786     0.767     0.874   1.3E-05  1.3E-05  1.7E-05  0.914
 -1.288087 -1.288153 -1.288151 -1.288152 -1.288178     0.719     0.699     0.715   4.0E-06  4.3E-06  1.2E-05  0.913
 -1.288075 -1.288129 -1.288128 -1.288113 -1.288178     0.523     0.510     0.366   2.2E-05  2.3E-05  3.2E-05  0.911
 -1.287957 -1.288072 -1.288070 -1.288041 -1.288178     0.518     0.510     0.378   6.3E-05  6.4E-05  7.4E-05  0.910
 -1.287734 -1.287984 -1.287981 -1.287939 -1.288178     0.563     0.555     0.462   1.2E-04  1.3E-04  1.3E-04  0.909
 -1.287407 -1.287870 -1.287863 -1.287811 -1.288178     0.600     0.592     0.524   2.0E-04  2.0E-04  2.1E-04  0.908
 -1.286978 -1.287732 -1.287721 -1.287660 -1.288178     0.628     0.619     0.568   2.9E-04  3.0E-04  3.0E-04  0.906
 -1.175123 -1.175905 -1.175889 -1.175994 -1.176356     0.635     0.622     0.707   8.5E-04  8.5E-04  7.8E-04  0.912
 -1.175531 -1.176074 -1.176063 -1.176143 -1.176356     0.659     0.645     0.742   5.2E-04  5.2E-04  4.7E-04  0.910
 -1.175852 -1.176199 -1.176192 -1.176247 -1.176356     0.689     0.674     0.786   2.8E-04  2.8E-04  2.4E-04  0.908
 -1.176085 -1.176283 -1.176279 -1.176313 -1.176356     0.733     0.716     0.843   1.2E-04  1.2E-04  1.0E-04  0.906
 -1.176232 -1.176331 -1.176329 -1.176343 -1.176356     0.804     0.785     0.903   2.7E-05  2.7E-05  2.5E-05  0.904
 -1.176292 -1.176346 -1.176345 -1.176342 -1.176356     0.857     0.836     0.781   1.4E-06  1.6E-06  1.0E-05  0.902
 -1.176267 -1.176332 -1.176331 -1.176311 -1.176356     0.732     0.719     0.493   3.2E-05  3.2E-05  4.9E-05  0.900
 -1.176158 -1.176290 -1.176289 -1.176254 -1.176356     0.670     0.661     0.484   1.1E-04  1.1E-04  1.3E-04  0.898
 -1.175965 -1.176224 -1.176221 -1.176173 -1.176356     0.664     0.656     0.532   2.3E-04  2.4E-04  2.6E-04  0.897
 -1.175689 -1.176136 -1.176130 -1.176070 -1.176356     0.671     0.662     0.572   4.0E-04  4.0E-04  4.3E-04  0.895
 -1.175331 -1.176028 -1.176019 -1.175948 -1.176356     0.680     0.672     0.602   5.9E-04  5.9E-04  6.2E-04  0.893
 -1.270938 -1.272206 -1.272190 -1.272191 -1.272416     0.858     0.847     0.848   3.2E-05  3.5E-05  3.2E-05  0.908
 -1.271423 -1.272284 -1.272274 -1.272273 -1.272416     0.867     0.857     0.856   1.8E-05  2.0E-05  2.0E-05  0.908
 -1.271801 -1.272337 -1.272331 -1.272331 -1.272416     0.873     0.862     0.863   1.0E-05  1.1E-05  1.2E-05  0.908
 -1.272071 -1.272371 -1.272366 -1.272370 -1.272416     0.869     0.857     0.867   5.4E-06  6.0E-06  8.3E-06  0.908
 -1.272235 -1.272387 -1.272384 -1.272392 -1.272416     0.842     0.824     0.868   3.6E-06  4.1E-06  6.9E-06  0.908
 -1.272293 -1.272389 -1.272387 -1.272400 -1.272416     0.785     0.763     0.874   3.9E-06  4.3E-06  7.4E-06  0.908
 -1.272248 -1.272380 -1.272377 -1.272397 -1.272416     0.787     0.770     0.888   5.7E-06  6.2E-06  9.4E-06  0.908
 -1.272098 -1.272360 -1.272356 -1.272384 -1.272416     0.825     0.813     0.899   8.7E-06  9.3E-06  1.3E-05  0.908
 -1.271847 -1.272331 -1.272327 -1.272362 -1.272416     0.852     0.844     0.905   1.3E-05  1.3E-05  1.6E-05  0.907
 -1.271495 -1.272295 -1.272290 -1.272332 -1.272416     0.869     0.863     0.909   1.7E-05  1.8E-05  2.1E-05  0.907
 -1.271043 -1.272252 -1.272246 -1.272296 -1.272416     0.881     0.876     0.913   2.2E-05  2.3E-05  2.6E-05  0.907
 -1.282929 -1.284275 -1.284255 -1.284188 -1.284364     0.938     0.925     0.877   1.7E-05  1.7E-05  4.6E-05  0.923
 -1.283431 -1.284284 -1.284272 -1.284208 -1.284364     0.915     0.902     0.833   1.5E-05  1.6E-05  4.4E-05  0.923
 -1.283815 -1.284292 -1.284285 -1.284226 -1.284364     0.870     0.858     0.750   1.4E-05  1.5E-05  4.3E-05  0.923
 -1.284082 -1.284298 -1.284295 -1.284243 -1.284364     0.769     0.758     0.573   1.4E-05  1.4E-05  4.2E-05  0.923
 -1.284236 -1.284303 -1.284302 -1.284259 -1.284364     0.528     0.519     0.180   1.3E-05  1.3E-05  4.0E-05  0.924
 -1.284280 -1.284307 -1.284306 -1.284273 -1.284364     0.323     0.314    -0.080   1.2E-05  1.2E-05  3.9E-05  0.924
 -1.284217 -1.284309 -1.284308 -1.284287 -1.284364     0.630     0.618     0.474   1.2E-05  1.2E-05  3.8E-05  0.924
 -1.284050 -1.284311 -1.284307 -1.284299 -1.284364     0.831     0.819     0.793   1.1E-05  1.1E-05  3.7E-05  0.925
 -1.283783 -1.284311 -1.284304 -1.284310 -1.284364     0.909     0.897     0.908   1.1E-05  1.1E-05  3.6E-05  0.925
 -1.283418 -1.284310 -1.284299 -1.284320 -1.284364     0.943     0.931     0.954   1.0E-05  1.1E-05  3.5E-05  0.925
 -1.282958 -1.284308 -1.284292 -1.284330 -1.284364     0.961     0.949     0.976   9.8E-06  1.0E-05  3.5E-05  0.925
 -1.084362 -1.084769 -1.084764 -1.084788 -1.085149     0.517     0.511     0.541   5.3E-04  5.3E-04  5.0E-04  0.946
 -1.084644 -1.084910 -1.084907 -1.084923 -1.085149     0.527     0.521     0.552   3.2E-04  3.2E-04  3.0E-04  0.945
 -1.084857 -1.085013 -1.085011 -1.085020 -1.085149     0.533     0.527     0.558   1.8E-04  1.8E-04  1.7E-04  0.945
 -1.085002 -1.085082 -1.085081 -1.085084 -1.085149     0.544     0.535     0.560   7.9E-05  8.0E-05  7.6E-05  0.944
 -1.085079 -1.085122 -1.085121 -1.085120 -1.085149     0.613     0.594     0.588   2.4E-05  2.4E-05  2.4E-05  0.943
 -1.085089 -1.085137 -1.085135 -1.085131 -1.085149     0.790     0.758     0.700   2.4E-06  2.6E-06  5.3E-06  0.942
 -1.085032 -1.085129 -1.085126 -1.085120 -1.085149     0.825     0.799     0.751   8.7E-06  8.9E-06  1.3E-05  0.942
 -1.084909 -1.085101 -1.085097 -1.085090 -1.085149     0.800     0.780     0.752   3.8E-05  3.8E-05  4.4E-05  0.941
 -1.084721 -1.085057 -1.085050 -1.085042 -1.085149     0.784     0.768     0.750   8.7E-05  8.7E-05  9.3E-05  0.940
 -1.084468 -1.084997 -1.084987 -1.084980 -1.085149     0.776     0.762     0.751   1.5E-04  1.5E-04  1.6E-04  0.939
 -1.084152 -1.084923 -1.084911 -1.084905 -1.085149     0.774     0.761     0.755   2.3E-04  2.3E-04  2.4E-04  0.939
 -1.161364 -1.162242 -1.162231 -1.162271 -1.162326     0.913     0.902     0.944   3.7E-05  3.9E-05  6.7E-05  0.956
 -1.161720 -1.162261 -1.162254 -1.162277 -1.162326     0.894     0.882     0.920   3.0E-05  3.2E-05  5.9E-05  0.956
 -1.161986 -1.162276 -1.162273 -1.162280 -1.162326     0.855     0.844     0.866   2.4E-05  2.5E-05  5.1E-05  0.956
 -1.162164 -1.162288 -1.162286 -1.162280 -1.162326     0.767     0.757     0.716   1.9E-05  2.0E-05  4.5E-05  0.956
 -1.162256 -1.162297 -1.162296 -1.162277 -1.162326     0.585     0.575     0.299   1.5E-05  1.6E-05  3.9E-05  0.956
 -1.162264 -1.162303 -1.162302 -1.162272 -1.162326     0.630     0.617     0.126   1.2E-05  1.2E-05  3.4E-05  0.956
 -1.162189 -1.162306 -1.162305 -1.162264 -1.162326     0.858     0.845     0.549   9.4E-06  9.3E-06  3.0E-05  0.956
 -1.162034 -1.162308 -1.162304 -1.162255 -1.162326     0.939     0.926     0.757   7.3E-06  7.2E-06  2.7E-05  0.956
 -1.161800 -1.162307 -1.162301 -1.162244 -1.162326     0.965     0.953     0.845   5.8E-06  5.7E-06  2.4E-05  0.956
 -1.161490 -1.162305 -1.162296 -1.162232 -1.162326     0.975     0.964     0.888   4.7E-06  4.8E-06  2.1E-05  0.956
 -1.161105 -1.162302 -1.162288 -1.162218 -1.162326     0.980     0.969     0.912   4.1E-06  4.3E-06  2.0E-05  0.956
 -1.173682 -1.174523 -1.174509 -1.174596 -1.174772     0.771     0.759     0.838   2.8E-04  2.9E-04  2.8E-04  0.911
 -1.174073 -1.174621 -1.174612 -1.174679 -1.174772     0.783     0.770     0.867   1.7E-04  1.7E-04  1.7E-04  0.910
 -1.174373 -1.174691 -1.174686 -1.174736 -1.174772     0.796     0.783     0.908   9.0E-05  9.2E-05  9.3E-05  0.909
 -1.174584 -1.174736 -1.174734 -1.174768 -1.174772     0.810     0.797     0.977   3.8E-05  3.8E-05  4.1E-05  0.908
 -1.174706 -1.174760 -1.174759 -1.174779 -1.174772     0.812     0.796     1.096   9.0E-06  9.2E-06  1.3E-05  0.907
 -1.174741 -1.174763 -1.174763 -1.174770 -1.174772     0.703     0.686     0.920   2.0E-06  2.1E-06  5.6E-06  0.906
 -1.174691 -1.174748 -1.174747 -1.174743 -1.174772     0.704     0.691     0.643   1.4E-05  1.4E-05  1.7E-05  0.906
 -1.174556 -1.174717 -1.174714 -1.174701 -1.174772     0.743     0.732     0.669   4.3E-05  4.4E-05  4.4E-05  0.905
 -1.174339 -1.174671 -1.174666 -1.174644 -1.174772     0.766     0.754     0.704   8.7E-05  8.8E-05  8.6E-05  0.904
 -1.174040 -1.174611 -1.174603 -1.174574 -1.174772     0.780     0.769     0.729   1.4E-04  1.5E-04  1.4E-04  0.903
 -1.173661 -1.174539 -1.174527 -1.174492 -1.174772     0.790     0.779     0.747   2.1E-04  2.2E-04  2.1E-04  0.902
